0 0.04475 0.6593333333333333 0.025 0.03
0 0.07062500000000001 0.6636666666666666 0.02625 0.03333333333333333
0 0.091 0.6345 0.024 0.033
0 0.169125 0.533 0.02675 0.032
0 0.201875 0.6124999999999999 0.02725 0.034999999999999996
0 0.18275 0.6618333333333333 0.0245 0.027
0 0.11900000000000001 0.589 0.021 0.028
0 0.07062500000000001 0.5815 0.01525 0.026333333333333334
0 0.1285 0.5206666666666666 0.0185 0.026666666666666665
0 0.1015 0.5093333333333333 0.0285 0.032
0 0.30425 0.6998333333333333 0.035 0.04433333333333333
0 0.251125 0.7043333333333333 0.03275 0.03333333333333333
0 0.278875 0.7136666666666667 0.02925 0.042666666666666665
0 0.30175 0.7311666666666666 0.03 0.03766666666666667
0 0.421125 0.6799999999999999 0.02825 0.03333333333333333
0 0.452125 0.6214999999999999 0.02675 0.041
0 0.39187500000000003 0.6985 0.02675 0.028999999999999998
0 0.37525000000000003 0.7021666666666666 0.025500000000000002 0.029666666666666664
0 0.35175 0.7131666666666666 0.03 0.019
0 0.345375 0.7288333333333333 0.02625 0.019666666666666666
0 0.342 0.7383333333333333 0.035 0.026666666666666665
0 0.433625 0.6023333333333333 0.02725 0.034666666666666665
0 0.41050000000000003 0.583 0.0275 0.030666666666666665
0 0.428375 0.5635 0.02675 0.037
0 0.369875 0.5028333333333334 0.02875 0.036333333333333336
0 0.346375 0.5188333333333334 0.02775 0.034999999999999996
0 0.382875 0.5265 0.01925 0.024999999999999998
0 0.389375 0.5623333333333334 0.02475 0.032
0 0.315375 0.41716666666666663 0.04225 0.057666666666666665
0 0.3915 0.4445 0.0265 0.041666666666666664
0 0.30312500000000003 0.4728333333333333 0.03725 0.04033333333333333
0 0.2085 0.42183333333333334 0.036000000000000004 0.03966666666666666
0 0.180125 0.42883333333333334 0.01975 0.03233333333333333
0 0.09975 0.7693333333333333 0.021500000000000002 0.03333333333333333
0 0.133125 0.743 0.02225 0.030666666666666665
0 0.5085000000000001 0.5401666666666667 0.0245 0.041666666666666664
0 0.5495 0.5383333333333333 0.03 0.051333333333333335
0 0.516625 0.6566666666666666 0.02275 0.03666666666666667
0 0.5445 0.619 0.0265 0.03266666666666666
0 0.571125 0.6663333333333333 0.02775 0.038
0 0.608125 0.7261666666666666 0.03275 0.042333333333333334
0 0.69125 0.6718333333333333 0.027 0.048999999999999995
0 0.67425 0.6401666666666667 0.021500000000000002 0.023666666666666666
0 0.64975 0.6134999999999999 0.0245 0.035666666666666666
0 0.64525 0.541 0.028 0.03866666666666667
0 0.660875 0.5661666666666666 0.01675 0.025666666666666667
0 0.6445 0.484 0.0235 0.034666666666666665
0 0.6665 0.4855 0.0265 0.041666666666666664
0 0.735625 0.5455 0.02225 0.035666666666666666
0 0.74925 0.573 0.025500000000000002 0.036
0 0.416625 0.42 0.03125 0.034666666666666665
0 0.46875 0.3468333333333333 0.025 0.029666666666666664
0 0.47050000000000003 0.29833333333333334 0.0265 0.038
0 0.426 0.1925 0.025 0.023666666666666666
0 0.522875 0.12383333333333332 0.01675 0.023
0 0.545 0.36383333333333334 0.0275 0.04033333333333333
0 0.564625 0.4013333333333333 0.021750000000000002 0.022
0 0.569875 0.441 0.02925 0.03333333333333333
0 0.635 0.32766666666666666 0.024 0.03333333333333333
0 0.609375 0.35416666666666663 0.02475 0.033
0 0.62575 0.2776666666666667 0.013000000000000001 0.019333333333333334
0 0.716875 0.5265 0.02325 0.039
0 0.807625 0.6436666666666666 0.01725 0.022
0 0.827125 0.6336666666666666 0.025750000000000002 0.035333333333333335
0 0.862375 0.6263333333333333 0.02525 0.03333333333333333
0 0.8512500000000001 0.6833333333333333 0.022 0.03933333333333333
0 0.900375 0.7111666666666666 0.03075 0.03833333333333333
0 0.90175 0.741 0.035500000000000004 0.034666666666666665
0 0.905375 0.765 0.02725 0.02733333333333333
0 0.890625 0.7746666666666666 0.029750000000000002 0.030666666666666665
0 0.8143750000000001 0.8021666666666667 0.02375 0.031
0 0.82975 0.7078333333333333 0.0175 0.023666666666666666
0 0.841 0.707 0.0135 0.019333333333333334
0 0.808875 0.6978333333333333 0.02025 0.020999999999999998
0 0.83575 0.6816666666666666 0.0145 0.021333333333333333
0 0.8565 0.5976666666666667 0.024 0.03133333333333333
0 0.8981250000000001 0.5599999999999999 0.02625 0.03666666666666667
0 0.839125 0.5291666666666667 0.01825 0.029666666666666664
0 0.7801250000000001 0.5121666666666667 0.01825 0.027
0 0.81975 0.4953333333333333 0.019 0.025333333333333333
0 0.844375 0.44516666666666665 0.02875 0.026333333333333334
0 0.732125 0.3835 0.02275 0.026333333333333334
0 0.691125 0.3768333333333333 0.01925 0.021666666666666667
0 0.8775000000000001 0.36233333333333334 0.0135 0.017333333333333333
0 0.899 0.33649999999999997 0.018000000000000002 0.025666666666666667
0 0.880375 0.6128333333333333 0.01875 0.028333333333333332
0 0.9175 0.5986666666666667 0.017 0.025333333333333333
0 0.96375 0.595 0.01 0.016666666666666666
0 0.5895 0.24216666666666667 0.019 0.022333333333333334
0 0.466 0.23149999999999998 0.0175 0.023
0 0.47300000000000003 0.223 0.0175 0.017333333333333333
0 0.5145 0.4731666666666666 0.0185 0.027666666666666666
0 0.525875 0.43516666666666665 0.012750000000000001 0.019666666666666666
