0 0.034625 0.24533333333333332 0.01675 0.018666666666666665
0 0.02075 0.39066666666666666 0.018000000000000002 0.018666666666666665
0 0.065 0.42483333333333334 0.0155 0.023
0 0.091125 0.4463333333333333 0.017750000000000002 0.022666666666666665
0 0.149875 0.39199999999999996 0.02225 0.032
0 0.124125 0.4755 0.01975 0.030333333333333334
0 0.14275000000000002 0.4825 0.023 0.026333333333333334
0 0.097875 0.5028333333333334 0.017750000000000002 0.020999999999999998
0 0.097375 0.5165 0.02075 0.023
0 0.112125 0.5285 0.01575 0.019666666666666666
0 0.104375 0.5431666666666667 0.01875 0.017666666666666667
0 0.06525 0.7188333333333333 0.015 0.021666666666666667
0 0.133125 0.7063333333333333 0.01825 0.024
0 0.185375 0.726 0.01725 0.020666666666666667
0 0.1865 0.6308333333333334 0.0205 0.026333333333333334
0 0.196625 0.6458333333333333 0.02275 0.033
0 0.20475000000000002 0.6086666666666667 0.017 0.026
0 0.2305 0.6353333333333333 0.023 0.03133333333333333
0 0.1985 0.515 0.019 0.025333333333333333
0 0.182375 0.5131666666666667 0.01525 0.018333333333333333
0 0.224 0.5236666666666666 0.022 0.022666666666666665
0 0.15737500000000001 0.45599999999999996 0.02075 0.024666666666666667
0 0.17350000000000002 0.43133333333333335 0.021500000000000002 0.028666666666666667
0 0.189 0.42333333333333334 0.02 0.028666666666666667
0 0.22025 0.424 0.032 0.033999999999999996
0 0.255875 0.424 0.02375 0.03133333333333333
0 0.2435 0.39266666666666666 0.017 0.024666666666666667
0 0.257125 0.3933333333333333 0.01175 0.016
0 0.304875 0.41616666666666663 0.01625 0.020999999999999998
0 0.242125 0.5278333333333333 0.01825 0.034999999999999996
0 0.269125 0.5753333333333334 0.02425 0.03666666666666667
0 0.177875 0.6888333333333333 0.01825 0.022333333333333334
0 0.3235 0.6705 0.025 0.030333333333333334
0 0.295125 0.7128333333333333 0.021750000000000002 0.027666666666666666
0 0.252375 0.7208333333333333 0.01825 0.019666666666666666
0 0.239375 0.6981666666666666 0.01725 0.020999999999999998
0 0.25275000000000003 0.6845 0.0145 0.019666666666666666
0 0.265125 0.6873333333333334 0.01725 0.021333333333333333
0 0.39625 0.7646666666666666 0.024 0.029333333333333333
0 0.41525 0.7035 0.0205 0.030333333333333334
0 0.355625 0.6671666666666667 0.02075 0.027666666666666666
0 0.388625 0.6829999999999999 0.02125 0.03333333333333333
0 0.12637500000000002 0.5633333333333334 0.02075 0.026
0 0.216375 0.45166666666666666 0.01725 0.024
0 0.254375 0.45849999999999996 0.02125 0.029666666666666664
0 0.33825 0.4061666666666667 0.018000000000000002 0.022333333333333334
0 0.367 0.39316666666666666 0.0155 0.024333333333333332
0 0.36075 0.3496666666666667 0.021500000000000002 0.03333333333333333
0 0.3435 0.3368333333333333 0.017 0.025666666666666667
0 0.32775 0.3203333333333333 0.021 0.030666666666666665
0 0.36825 0.3138333333333333 0.025 0.025666666666666667
0 0.3675 0.33766666666666667 0.0155 0.021333333333333333
0 0.3795 0.33466666666666667 0.017 0.024666666666666667
0 0.3985 0.33616666666666667 0.021 0.024333333333333332
0 0.39537500000000003 0.3205 0.01925 0.019666666666666666
0 0.304375 0.29416666666666663 0.02275 0.025666666666666667
0 0.3305 0.2806666666666667 0.021500000000000002 0.030666666666666665
0 0.36212500000000003 0.2865 0.02825 0.028999999999999998
0 0.397125 0.24683333333333332 0.02025 0.028999999999999998
0 0.374125 0.22333333333333333 0.02625 0.03666666666666667
0 0.359 0.22666666666666666 0.0235 0.03
0 0.34750000000000003 0.15533333333333332 0.0275 0.03933333333333333
0 0.27625 0.6406666666666666 0.018000000000000002 0.028
0 0.287875 0.6365 0.01625 0.028999999999999998
0 0.326125 0.6421666666666667 0.025750000000000002 0.027666666666666666
0 0.308 0.6861666666666666 0.0155 0.022333333333333334
0 0.48025 0.7503333333333333 0.027 0.03733333333333333
0 0.435 0.8156666666666667 0.029500000000000002 0.030666666666666665
0 0.3895 0.6273333333333333 0.0225 0.025333333333333333
0 0.373875 0.6083333333333333 0.02375 0.026666666666666665
0 0.348625 0.6023333333333333 0.02675 0.030666666666666665
0 0.372625 0.5601666666666667 0.02475 0.028999999999999998
0 0.509375 0.3933333333333333 0.02325 0.026666666666666665
0 0.507125 0.42616666666666664 0.02025 0.025666666666666667
0 0.517625 0.4088333333333333 0.01925 0.02033333333333333
0 0.54525 0.3868333333333333 0.024 0.029666666666666664
0 0.5345 0.40399999999999997 0.0225 0.019333333333333334
0 0.51575 0.31266666666666665 0.025 0.030666666666666665
0 0.46187500000000004 0.32966666666666666 0.021750000000000002 0.021333333333333333
0 0.4465 0.308 0.0155 0.019333333333333334
0 0.6657500000000001 0.7683333333333333 0.0245 0.034666666666666665
0 0.612625 0.8256666666666667 0.03075 0.036
0 0.745 0.7446666666666666 0.0235 0.03266666666666666
0 0.80025 0.8706666666666666 0.02 0.029333333333333333
0 0.825875 0.9081666666666667 0.02775 0.034999999999999996
0 0.887625 0.743 0.02525 0.03333333333333333
0 0.899875 0.7193333333333333 0.02025 0.03133333333333333
0 0.914 0.698 0.02 0.02733333333333333
0 0.851625 0.6706666666666666 0.02675 0.034666666666666665
0 0.771 0.6133333333333333 0.022 0.032
0 0.7345 0.6248333333333334 0.0235 0.030333333333333334
0 0.752 0.6023333333333333 0.0205 0.029333333333333333
0 0.6925 0.6686666666666666 0.033 0.033999999999999996
0 0.6763750000000001 0.6896666666666667 0.02675 0.028
0 0.653 0.6968333333333333 0.0245 0.031
0 0.65825 0.6064999999999999 0.0265 0.034333333333333334
0 0.669625 0.591 0.02675 0.024
0 0.8250000000000001 0.5093333333333333 0.021500000000000002 0.03266666666666666
0 0.7136250000000001 0.4338333333333333 0.02325 0.028333333333333332
0 0.6845 0.513 0.021500000000000002 0.028
0 0.6915 0.427 0.0225 0.029333333333333333
0 0.918125 0.6615 0.02375 0.03233333333333333
0 0.604375 0.75 0.02075 0.03266666666666666
0 0.45375 0.7511666666666666 0.026000000000000002 0.035666666666666666
0 0.534125 0.5865 0.02025 0.03233333333333333
0 0.48662500000000003 0.5051666666666667 0.01925 0.026333333333333334
0 0.5573750000000001 0.45 0.01675 0.025333333333333333
0 0.577 0.36166666666666664 0.018000000000000002 0.026666666666666665
0 0.5745 0.41683333333333333 0.0245 0.036333333333333336
0 0.45025 0.659 0.0205 0.02733333333333333
0 0.59225 0.6521666666666667 0.019 0.028999999999999998
0 0.840375 0.5 0.01975 0.02733333333333333
0 0.66425 0.438 0.0205 0.026
0 0.643625 0.4285 0.01975 0.024333333333333332
0 0.575625 0.5278333333333333 0.01925 0.02033333333333333
0 0.549 0.5031666666666667 0.0115 0.01633333333333333
0 0.533625 0.49166666666666664 0.010750000000000001 0.017333333333333333
0 0.59125 0.5008333333333334 0.0135 0.015666666666666666
0 0.3 0.48033333333333333 0.029500000000000002 0.03333333333333333
0 0.15025 0.5978333333333333 0.013000000000000001 0.01633333333333333
