0 0.025875000000000002 0.7051666666666666 0.02925 0.034333333333333334
0 0.07975 0.7646666666666666 0.0285 0.03933333333333333
0 0.024125 0.7248333333333333 0.02625 0.023
0 0.081375 0.6978333333333333 0.01925 0.028333333333333332
0 0.096375 0.6756666666666666 0.03075 0.03266666666666666
0 0.15775 0.7076666666666667 0.0265 0.032
0 0.18987500000000002 0.726 0.03225 0.03866666666666667
0 0.24025 0.7565 0.024 0.036333333333333336
0 0.28 0.83 0.0245 0.04066666666666666
0 0.32937500000000003 0.7941666666666667 0.03125 0.04433333333333333
0 0.34600000000000003 0.8241666666666666 0.035500000000000004 0.051
0 0.401125 0.7876666666666666 0.025750000000000002 0.03933333333333333
0 0.4225 0.7825 0.029500000000000002 0.042333333333333334
0 0.443 0.7955 0.0195 0.03233333333333333
0 0.471625 0.7931666666666667 0.02225 0.043
0 0.367875 0.7806666666666666 0.02675 0.03266666666666666
0 0.33525 0.705 0.023 0.04
0 0.356875 0.706 0.02825 0.03866666666666667
0 0.29812500000000003 0.7376666666666667 0.02625 0.03266666666666666
0 0.4925 0.7655 0.024 0.03166666666666666
0 0.4965 0.7899999999999999 0.0305 0.026
0 0.556625 0.7746666666666666 0.02325 0.03266666666666666
0 0.536125 0.7205 0.01875 0.036333333333333336
0 0.543375 0.7311666666666666 0.02325 0.03833333333333333
0 0.563125 0.734 0.02275 0.033999999999999996
0 0.563125 0.692 0.02825 0.04
0 0.587125 0.6983333333333334 0.02225 0.04
0 0.511125 0.7055 0.03325 0.041
0 0.602 0.66 0.029500000000000002 0.042666666666666665
0 0.660875 0.6581666666666667 0.021750000000000002 0.028999999999999998
0 0.682 0.6761666666666667 0.025 0.04433333333333333
0 0.74275 0.7195 0.025500000000000002 0.036333333333333336
0 0.796375 0.7251666666666666 0.02075 0.037
0 0.782875 0.7236666666666667 0.017750000000000002 0.024
0 0.874625 0.7118333333333333 0.01825 0.029666666666666664
0 0.901875 0.6955 0.01875 0.020999999999999998
0 0.933875 0.7051666666666666 0.01675 0.023666666666666666
0 0.943875 0.7 0.02225 0.026666666666666665
0 0.9636250000000001 0.6875 0.01825 0.024999999999999998
0 0.9275 0.6388333333333334 0.021500000000000002 0.03166666666666666
0 0.904375 0.6488333333333333 0.01875 0.023666666666666666
0 0.89475 0.6373333333333333 0.0195 0.02733333333333333
0 0.7925 0.6686666666666666 0.024 0.026
0 0.779625 0.6806666666666666 0.02275 0.028
0 0.8416250000000001 0.6126666666666667 0.02225 0.03266666666666666
0 0.8190000000000001 0.5721666666666666 0.0205 0.021666666666666667
0 0.94925 0.5548333333333333 0.0195 0.026333333333333334
0 0.790625 0.5581666666666667 0.01875 0.02033333333333333
0 0.762 0.5715 0.021500000000000002 0.021666666666666667
0 0.76275 0.5851666666666666 0.0235 0.028333333333333332
0 0.658875 0.6043333333333333 0.02225 0.033999999999999996
0 0.6535 0.5635 0.025 0.030333333333333334
0 0.70775 0.5751666666666666 0.0245 0.028999999999999998
0 0.71975 0.5581666666666667 0.0205 0.02033333333333333
0 0.7225 0.5406666666666666 0.0185 0.025333333333333333
0 0.70125 0.5351666666666667 0.02 0.02033333333333333
0 0.61475 0.5751666666666666 0.023 0.024333333333333332
0 0.70225 0.8225 0.0245 0.024333333333333332
0 0.9145 0.6788333333333333 0.0145 0.021666666666666667
0 0.9586250000000001 0.638 0.021750000000000002 0.03333333333333333
0 0.81425 0.6955 0.025 0.028333333333333332
0 0.67425 0.616 0.025 0.032
0 0.353375 0.6423333333333333 0.02425 0.03266666666666666
0 0.372 0.634 0.025 0.035333333333333335
0 0.40725 0.6421666666666667 0.032 0.035666666666666666
0 0.4255 0.6288333333333334 0.025500000000000002 0.034333333333333334
0 0.33725 0.5375 0.032 0.03766666666666667
0 0.37225 0.5648333333333333 0.038 0.049666666666666665
0 0.182 0.5706666666666667 0.024 0.03333333333333333
0 0.16375 0.6378333333333334 0.025 0.03233333333333333
0 0.123375 0.5263333333333333 0.01875 0.02733333333333333
0 0.0895 0.501 0.031 0.03333333333333333
0 0.132125 0.4711666666666667 0.02675 0.031
0 0.140625 0.5821666666666666 0.02775 0.03233333333333333
0 0.1335 0.6415 0.025 0.03233333333333333
0 0.264875 0.5115 0.02775 0.033
0 0.247 0.47816666666666663 0.024 0.039
0 0.291125 0.4938333333333333 0.01875 0.024333333333333332
0 0.291375 0.4633333333333333 0.02825 0.03333333333333333
0 0.313625 0.41633333333333333 0.02375 0.029333333333333333
0 0.273625 0.4038333333333333 0.02375 0.023666666666666666
0 0.256875 0.42516666666666664 0.02375 0.027
0 0.22975 0.43216666666666664 0.027 0.025666666666666667
0 0.30275 0.437 0.025500000000000002 0.026666666666666665
0 0.404125 0.527 0.02725 0.036
0 0.5115000000000001 0.4355 0.025 0.03233333333333333
0 0.49062500000000003 0.42083333333333334 0.01875 0.037
0 0.403375 0.34883333333333333 0.01575 0.024999999999999998
0 0.36062500000000003 0.3848333333333333 0.02775 0.030333333333333334
0 0.361875 0.3185 0.021750000000000002 0.029666666666666664
0 0.46950000000000003 0.2733333333333333 0.0245 0.03
0 0.42612500000000003 0.1475 0.02025 0.028333333333333332
0 0.44325000000000003 0.188 0.02 0.026666666666666665
0 0.40825 0.20933333333333332 0.02 0.02733333333333333
0 0.635375 0.378 0.02725 0.03333333333333333
0 0.6471250000000001 0.36466666666666664 0.017750000000000002 0.02733333333333333
0 0.673625 0.373 0.02625 0.03333333333333333
0 0.622125 0.41683333333333333 0.02775 0.030333333333333334
0 0.65525 0.4618333333333333 0.0305 0.034999999999999996
0 0.686625 0.45516666666666666 0.02425 0.03166666666666666
0 0.677 0.47783333333333333 0.021500000000000002 0.024999999999999998
0 0.716375 0.495 0.02625 0.03333333333333333
0 0.74775 0.5295 0.0235 0.029666666666666664
0 0.523875 0.5823333333333333 0.03125 0.033999999999999996
0 0.4865 0.47966666666666663 0.029500000000000002 0.038
0 0.46187500000000004 0.504 0.01825 0.021333333333333333
0 0.444 0.48366666666666663 0.02 0.026666666666666665
0 0.5905 0.47883333333333333 0.031 0.028999999999999998
0 0.628 0.49666666666666665 0.025 0.028666666666666667
0 0.56675 0.5045 0.02 0.024999999999999998
0 0.557 0.5183333333333333 0.0195 0.026666666666666665
0 0.81975 0.764 0.0205 0.026
0 0.890875 0.49216666666666664 0.02275 0.030333333333333334
0 0.91025 0.49816666666666665 0.023 0.030333333333333334
0 0.92975 0.4925 0.024 0.035666666666666666
0 0.94675 0.489 0.019 0.026666666666666665
0 0.9616250000000001 0.5051666666666667 0.02125 0.031
0 0.9325 0.5596666666666666 0.0175 0.022666666666666665
0 0.93725 0.6011666666666666 0.0235 0.027666666666666666
0 0.8602500000000001 0.5211666666666667 0.0205 0.025666666666666667
0 0.858 0.4633333333333333 0.021500000000000002 0.03
0 0.929125 0.42916666666666664 0.01625 0.024333333333333332
0 0.71325 0.4086666666666667 0.027 0.03266666666666666
0 0.58525 0.367 0.026000000000000002 0.030666666666666665
0 0.56275 0.3833333333333333 0.029 0.03333333333333333
0 0.5275 0.3978333333333333 0.0275 0.028333333333333332
0 0.545625 0.27666666666666667 0.02325 0.02733333333333333
0 0.245875 0.5485 0.02075 0.027666666666666666
0 0.248875 0.5993333333333333 0.01325 0.014666666666666666
0 0.51275 0.5275 0.03 0.035666666666666666
0 0.44475000000000003 0.256 0.0165 0.022666666666666665
0 0.39237500000000003 0.27216666666666667 0.02225 0.025666666666666667
0 0.48862500000000003 0.2485 0.01875 0.016999999999999998
0 0.497 0.23533333333333334 0.013000000000000001 0.022666666666666665
0 0.5335 0.3455 0.0285 0.036333333333333336
