0 0.077875 0.36183333333333334 0.03775 0.04833333333333333
0 0.08700000000000001 0.41816666666666663 0.034 0.03766666666666667
0 0.0505 0.8136666666666666 0.031 0.048
0 0.075625 0.8175 0.03475 0.03966666666666666
0 0.116625 0.7745 0.043250000000000004 0.05433333333333333
0 0.138375 0.7605 0.035250000000000004 0.043666666666666666
0 0.181125 0.765 0.03375 0.04933333333333333
0 0.227625 0.71 0.02875 0.03933333333333333
0 0.237375 0.729 0.03075 0.032
0 0.26075 0.7076666666666667 0.03 0.03866666666666667
0 0.304 0.8726666666666666 0.0335 0.04466666666666667
0 0.23900000000000002 0.9211666666666667 0.04 0.051
0 0.276375 0.8345 0.03275 0.045
0 0.275 0.7785 0.0265 0.037
0 0.33275 0.8175 0.029 0.034999999999999996
0 0.44875 0.736 0.031 0.048666666666666664
0 0.435 0.599 0.035500000000000004 0.052
0 0.3985 0.5653333333333334 0.041 0.051333333333333335
0 0.400125 0.5053333333333333 0.03425 0.041999999999999996
0 0.40325 0.5333333333333333 0.044 0.03733333333333333
0 0.4855 0.541 0.0325 0.03866666666666667
0 0.51475 0.4746666666666666 0.036000000000000004 0.048666666666666664
0 0.576125 0.6013333333333333 0.03825 0.058666666666666666
0 0.556875 0.6723333333333333 0.03825 0.06133333333333333
0 0.48 0.775 0.0365 0.056
0 0.5225 0.7863333333333333 0.0345 0.05733333333333333
0 0.643875 0.8029999999999999 0.04175 0.06266666666666666
0 0.61675 0.8166666666666667 0.034 0.04733333333333333
0 0.7076250000000001 0.5765 0.02925 0.039
0 0.524 0.3655 0.0375 0.05633333333333333
0 0.26425 0.5263333333333333 0.029500000000000002 0.04066666666666666
0 0.282625 0.5808333333333333 0.03275 0.050333333333333334
0 0.17475000000000002 0.5841666666666666 0.027 0.028999999999999998
0 0.24225 0.4423333333333333 0.03 0.03133333333333333
0 0.6577500000000001 0.39949999999999997 0.041 0.049666666666666665
0 0.62025 0.38916666666666666 0.0305 0.042333333333333334
0 0.5955 0.38766666666666666 0.029 0.03933333333333333
0 0.7202500000000001 0.3418333333333333 0.0385 0.03766666666666667
0 0.7065 0.38066666666666665 0.0305 0.033999999999999996
0 0.70275 0.5461666666666667 0.0335 0.042333333333333334
0 0.729375 0.5818333333333333 0.02325 0.05233333333333333
0 0.749375 0.5536666666666666 0.01875 0.032
0 0.7751250000000001 0.5851666666666666 0.02225 0.034333333333333334
0 0.82325 0.6639999999999999 0.031 0.04533333333333333
0 0.86725 0.6933333333333334 0.031 0.04466666666666667
0 0.907 0.619 0.0185 0.032
0 0.835375 0.5 0.03175 0.043333333333333335
0 0.8532500000000001 0.48666666666666664 0.035500000000000004 0.03666666666666667
0 0.797625 0.3358333333333333 0.03275 0.05566666666666666
0 0.8180000000000001 0.3215 0.044 0.055
0 0.773875 0.27149999999999996 0.04025 0.047
0 0.6375000000000001 0.22416666666666665 0.029500000000000002 0.04833333333333333
0 0.446375 0.1115 0.01925 0.023
0 0.454125 0.10116666666666667 0.01925 0.021666666666666667
0 0.465375 0.112 0.01675 0.022666666666666665
0 0.6675 0.1305 0.029500000000000002 0.037
0 0.644875 0.13616666666666666 0.01725 0.035666666666666666
0 0.55175 0.21583333333333332 0.02 0.023
0 0.36162500000000003 0.3075 0.02675 0.03833333333333333
0 0.39525 0.286 0.035 0.033999999999999996
0 0.14225000000000002 0.5918333333333333 0.031 0.03966666666666666
0 0.28175 0.49183333333333334 0.035500000000000004 0.04033333333333333
0 0.292375 0.451 0.03275 0.04733333333333333
0 0.408625 0.3888333333333333 0.02625 0.037
0 0.75725 0.489 0.035500000000000004 0.04666666666666666
0 0.879125 0.38966666666666666 0.03175 0.048666666666666664
0 0.8476250000000001 0.3863333333333333 0.03275 0.04666666666666666
0 0.239125 0.5406666666666666 0.03075 0.03866666666666667
0 0.193375 0.3948333333333333 0.03775 0.053
0 0.242125 0.35766666666666663 0.03325 0.04
0 0.65825 0.16599999999999998 0.0245 0.035333333333333335
0 0.8300000000000001 0.19666666666666666 0.0155 0.03
0 0.696875 0.6826666666666666 0.03625 0.04533333333333333
0 0.85275 0.726 0.0245 0.033999999999999996
0 0.3205 0.4505 0.0245 0.034999999999999996
0 0.351625 0.5455 0.02675 0.03233333333333333
0 0.38025000000000003 0.513 0.018000000000000002 0.025333333333333333
0 0.449375 0.8233333333333333 0.02525 0.028666666666666667
0 0.5745 0.3393333333333333 0.0325 0.04066666666666666
0 0.687625 0.2075 0.01675 0.02033333333333333
0 0.667875 0.22333333333333333 0.017750000000000002 0.025333333333333333
0 0.1205 0.39566666666666667 0.0305 0.04666666666666666
0 0.08625000000000001 0.7273333333333333 0.03 0.03266666666666666
0 0.641375 0.46699999999999997 0.03825 0.058666666666666666
