0 0.4565 0.476 0.032 0.052
0 0.494875 0.6248333333333334 0.03675 0.05633333333333333
0 0.618625 0.34833333333333333 0.03275 0.03866666666666667
0 0.678875 0.43066666666666664 0.02825 0.042666666666666665
0 0.5965 0.5015 0.046 0.047
0 0.55775 0.6176666666666667 0.028 0.035333333333333335
0 0.57925 0.6525 0.032 0.03833333333333333
0 0.6647500000000001 0.6828333333333333 0.028 0.051
0 0.619375 0.7286666666666667 0.03125 0.042666666666666665
0 0.6175 0.7956666666666666 0.029 0.035333333333333335
0 0.674125 0.7921666666666667 0.04075 0.053
0 0.734375 0.7108333333333333 0.03275 0.03833333333333333
0 0.778 0.74 0.0265 0.05533333333333333
0 0.562125 0.8326666666666667 0.02425 0.04466666666666667
0 0.5816250000000001 0.8321666666666666 0.02425 0.041666666666666664
0 0.50225 0.7919999999999999 0.0405 0.05933333333333333
0 0.569875 0.7264999999999999 0.035250000000000004 0.045
0 0.402625 0.866 0.02725 0.03666666666666667
0 0.40275 0.7333333333333333 0.032 0.049999999999999996
0 0.29525 0.7895 0.0265 0.03966666666666666
0 0.269125 0.7875 0.03375 0.041666666666666664
0 0.248375 0.7753333333333333 0.02675 0.04066666666666666
0 0.267125 0.7498333333333334 0.02825 0.03966666666666666
0 0.180875 0.7581666666666667 0.035250000000000004 0.03966666666666666
0 0.112 0.7936666666666666 0.029 0.03933333333333333
0 0.088625 0.7869999999999999 0.035250000000000004 0.03866666666666667
0 0.09225 0.7191666666666666 0.025 0.028333333333333332
0 0.427375 0.6576666666666666 0.03275 0.046
0 0.4045 0.6265 0.0265 0.041666666666666664
0 0.382125 0.59 0.03175 0.028666666666666667
0 0.354875 0.6044999999999999 0.02875 0.03966666666666666
0 0.273125 0.6113333333333333 0.02775 0.035333333333333335
0 0.202 0.6615 0.027 0.037
0 0.2435 0.6641666666666667 0.033 0.042333333333333334
0 0.092 0.6683333333333333 0.0235 0.033999999999999996
0 0.057625 0.6481666666666667 0.03275 0.03966666666666666
0 0.378875 0.5073333333333333 0.03175 0.044
0 0.41150000000000003 0.534 0.0375 0.04466666666666667
0 0.4435 0.5091666666666667 0.037 0.04033333333333333
0 0.43175 0.5771666666666666 0.0345 0.03766666666666667
0 0.268125 0.5381666666666667 0.03025 0.041666666666666664
0 0.24125 0.5416666666666666 0.024 0.041999999999999996
0 0.219 0.5621666666666667 0.0305 0.045
0 0.258875 0.48683333333333334 0.03025 0.041666666666666664
0 0.101 0.5468333333333333 0.025 0.03833333333333333
0 0.12275 0.5216666666666666 0.025500000000000002 0.034666666666666665
0 0.163375 0.5096666666666666 0.03275 0.03733333333333333
0 0.134625 0.5548333333333333 0.02875 0.036333333333333336
0 0.128875 0.49066666666666664 0.029750000000000002 0.03
0 0.201 0.39916666666666667 0.026000000000000002 0.030333333333333334
0 0.756875 0.5196666666666666 0.01875 0.028666666666666667
0 0.754625 0.47533333333333333 0.02775 0.03
0 0.785875 0.5561666666666667 0.01625 0.028333333333333332
0 0.736625 0.52 0.02025 0.03
0 0.7195 0.5306666666666666 0.021500000000000002 0.024666666666666667
0 0.7020000000000001 0.5598333333333333 0.0225 0.03166666666666666
0 0.6485 0.5666666666666667 0.027 0.04
0 0.675125 0.6709999999999999 0.02625 0.04066666666666666
0 0.563125 0.38266666666666665 0.02525 0.030666666666666665
0 0.302375 0.41633333333333333 0.025750000000000002 0.038
0 0.1855 0.29266666666666663 0.026000000000000002 0.022
0 0.267625 0.33816666666666667 0.01975 0.031
0 0.307375 0.3506666666666667 0.02775 0.036
0 0.479625 0.3798333333333333 0.01575 0.030333333333333334
0 0.16125 0.5948333333333333 0.0305 0.03833333333333333
0 0.1525 0.6303333333333333 0.0315 0.028666666666666667
0 0.039125 0.5718333333333333 0.02075 0.03166666666666666
0 0.0225 0.5608333333333333 0.0125 0.021666666666666667
0 0.029875000000000002 0.6556666666666666 0.01625 0.018666666666666665
0 0.036125 0.49866666666666665 0.02475 0.038
0 0.1835 0.46849999999999997 0.021500000000000002 0.028333333333333332
0 0.195875 0.448 0.02275 0.028666666666666667
0 0.18 0.42233333333333334 0.02 0.020666666666666667
0 0.171625 0.43616666666666665 0.01975 0.022333333333333334
0 0.28575 0.4295 0.025 0.027
0 0.356125 0.4646666666666667 0.01975 0.024666666666666667
