0 0.2015 0.8718333333333333 0.042 0.05633333333333333
0 0.30775 0.7645 0.033 0.03766666666666667
0 0.33225 0.7353333333333333 0.028 0.03333333333333333
0 0.429 0.7513333333333333 0.02 0.029333333333333333
0 0.3525 0.646 0.0275 0.033999999999999996
0 0.40325 0.6218333333333333 0.024 0.042333333333333334
0 0.418 0.6258333333333334 0.0245 0.04433333333333333
0 0.45987500000000003 0.6188333333333333 0.02475 0.04633333333333333
0 0.433125 0.6336666666666666 0.01625 0.016666666666666666
0 0.438625 0.652 0.017750000000000002 0.022
0 0.28275 0.7126666666666667 0.035500000000000004 0.03266666666666666
0 0.2955 0.6966666666666667 0.033 0.03
0 0.276 0.568 0.0335 0.054
0 0.251375 0.7458333333333333 0.03025 0.03166666666666666
0 0.142125 0.6771666666666667 0.03325 0.043666666666666666
0 0.106625 0.6849999999999999 0.035750000000000004 0.04
0 0.116125 0.6698333333333333 0.03325 0.041
0 0.073 0.696 0.034 0.033999999999999996
0 0.039125 0.7143333333333333 0.03375 0.051333333333333335
0 0.059875000000000005 0.6541666666666667 0.03975 0.043
0 0.17325000000000002 0.5273333333333333 0.029500000000000002 0.044
0 0.12175 0.5675 0.038 0.033666666666666664
0 0.14175000000000001 0.476 0.018000000000000002 0.033999999999999996
0 0.15987500000000002 0.479 0.02375 0.026666666666666665
0 0.19037500000000002 0.47966666666666663 0.02675 0.03666666666666667
0 0.146125 0.41083333333333333 0.02625 0.034333333333333334
0 0.22125 0.39516666666666667 0.025 0.030333333333333334
0 0.28575 0.409 0.027 0.036
0 0.26737500000000003 0.4478333333333333 0.025750000000000002 0.025666666666666667
0 0.33075 0.44816666666666666 0.0335 0.043666666666666666
0 0.317375 0.46849999999999997 0.02825 0.04566666666666667
0 0.344375 0.5671666666666666 0.03075 0.036333333333333336
0 0.36775 0.3465 0.02 0.030333333333333334
0 0.317125 0.3153333333333333 0.02525 0.034666666666666665
0 0.388875 0.325 0.02625 0.03933333333333333
0 0.407625 0.291 0.03475 0.03333333333333333
0 0.441875 0.29516666666666663 0.03075 0.034333333333333334
0 0.45875 0.3283333333333333 0.027 0.03333333333333333
0 0.449625 0.35 0.02325 0.03333333333333333
0 0.444875 0.5035 0.03025 0.03833333333333333
0 0.487875 0.5565 0.03625 0.04633333333333333
0 0.479125 0.5413333333333333 0.025750000000000002 0.044
0 0.5427500000000001 0.6031666666666666 0.0275 0.03966666666666666
0 0.573375 0.6158333333333333 0.01375 0.026333333333333334
0 0.595 0.639 0.0125 0.018
0 0.611125 0.6388333333333334 0.01175 0.018333333333333333
0 0.63 0.6508333333333333 0.014 0.019666666666666666
0 0.615625 0.5895 0.01575 0.024999999999999998
0 0.64575 0.5599999999999999 0.035 0.04666666666666666
0 0.587125 0.5539999999999999 0.017750000000000002 0.018
0 0.56375 0.585 0.0145 0.026666666666666665
0 0.546125 0.42933333333333334 0.03675 0.043333333333333335
0 0.903625 0.604 0.02675 0.034666666666666665
0 0.85575 0.6325 0.028 0.03233333333333333
0 0.84475 0.6825 0.0325 0.039
0 0.873125 0.7106666666666667 0.02275 0.033999999999999996
0 0.868375 0.5688333333333333 0.01725 0.024999999999999998
0 0.856 0.5476666666666666 0.026000000000000002 0.030666666666666665
0 0.918875 0.444 0.02825 0.029333333333333333
0 0.8482500000000001 0.48416666666666663 0.025 0.027666666666666666
0 0.8285 0.44866666666666666 0.0195 0.024
0 0.811875 0.5498333333333333 0.02325 0.026333333333333334
0 0.80075 0.5815 0.0195 0.027
0 0.94275 0.6146666666666667 0.008 0.012666666666666666
0 0.95525 0.6001666666666666 0.0085 0.015
0 0.97275 0.5973333333333333 0.009000000000000001 0.011333333333333332
0 0.936125 0.5713333333333334 0.01325 0.016
0 0.951375 0.5626666666666666 0.00825 0.010666666666666666
0 0.980125 0.5646666666666667 0.00775 0.014
0 0.987 0.6268333333333334 0.0075 0.010333333333333333
