0 0.048 0.5311666666666667 0.04 0.043666666666666666
0 0.042125 0.3243333333333333 0.021750000000000002 0.03
0 0.069125 0.3338333333333333 0.01525 0.017666666666666667
0 0.099375 0.24366666666666667 0.010750000000000001 0.015333333333333332
0 0.107375 0.252 0.010750000000000001 0.012
0 0.11075 0.1885 0.013000000000000001 0.015666666666666666
0 0.008875000000000001 0.19799999999999998 0.014750000000000001 0.015333333333333332
0 0.01725 0.29933333333333334 0.0155 0.018
0 0.00375 0.2965 0.007 0.016999999999999998
0 0.08475 0.286 0.011 0.02
0 0.05575 0.6556666666666666 0.0335 0.042666666666666665
0 0.085375 0.6758333333333333 0.02625 0.034333333333333334
0 0.116875 0.6983333333333334 0.02875 0.03266666666666666
0 0.14425 0.718 0.033 0.04066666666666666
0 0.2005 0.7548333333333334 0.037 0.041
0 0.20225 0.603 0.0415 0.051333333333333335
0 0.182125 0.6878333333333333 0.03775 0.04566666666666667
0 0.250875 0.7081666666666666 0.02725 0.03833333333333333
0 0.29025 0.7341666666666666 0.0415 0.04033333333333333
0 0.2255 0.7766666666666666 0.0275 0.03266666666666666
0 0.236125 0.7643333333333333 0.02375 0.030666666666666665
0 0.229875 0.6068333333333333 0.03075 0.04033333333333333
0 0.265 0.6143333333333333 0.033 0.04533333333333333
0 0.3005 0.6204999999999999 0.0275 0.041666666666666664
0 0.33175 0.64 0.0335 0.041999999999999996
0 0.36575 0.6543333333333333 0.0385 0.051333333333333335
0 0.321125 0.6163333333333333 0.03325 0.04666666666666666
0 0.348625 0.7521666666666667 0.02725 0.049666666666666665
0 0.438625 0.7533333333333333 0.02675 0.03333333333333333
0 0.248625 0.5211666666666667 0.035250000000000004 0.04766666666666666
0 0.248125 0.5671666666666666 0.02375 0.03233333333333333
0 0.27037500000000003 0.5633333333333334 0.035250000000000004 0.04133333333333333
0 0.336125 0.31716666666666665 0.035750000000000004 0.034333333333333334
0 0.3845 0.27366666666666667 0.0285 0.03133333333333333
0 0.298 0.18433333333333332 0.0445 0.04533333333333333
0 0.332625 0.1935 0.021750000000000002 0.031
0 0.356125 0.20083333333333334 0.025750000000000002 0.026333333333333334
0 0.369375 0.19133333333333333 0.03375 0.03333333333333333
0 0.47875 0.566 0.0375 0.04733333333333333
0 0.522 0.6043333333333333 0.029500000000000002 0.041999999999999996
0 0.496375 0.6196666666666667 0.01625 0.022
0 0.5535 0.6463333333333333 0.027 0.03866666666666667
0 0.64925 0.6258333333333334 0.029 0.03766666666666667
0 0.670125 0.6285 0.02025 0.03766666666666667
0 0.594 0.6208333333333333 0.0305 0.04033333333333333
0 0.615375 0.624 0.01525 0.02
0 0.549875 0.48583333333333334 0.02375 0.037
0 0.5730000000000001 0.4965 0.0235 0.042333333333333334
0 0.64475 0.42316666666666664 0.034 0.043
0 0.614125 0.36866666666666664 0.02725 0.036
0 0.786625 0.36833333333333335 0.03475 0.041999999999999996
0 0.8220000000000001 0.36066666666666664 0.0425 0.050666666666666665
0 0.49775 0.31316666666666665 0.0335 0.03833333333333333
0 0.840875 0.12033333333333333 0.035750000000000004 0.056
0 0.57625 0.16016666666666665 0.021500000000000002 0.026333333333333334
0 0.599875 0.18333333333333332 0.03325 0.03
0 0.20350000000000001 0.4443333333333333 0.037 0.04533333333333333
0 0.26787500000000003 0.442 0.04225 0.05266666666666667
0 0.309 0.48083333333333333 0.0305 0.05233333333333333
0 0.4635 0.8395 0.0305 0.035666666666666666
0 0.18975 0.8205 0.0205 0.031
0 0.484 0.7593333333333333 0.0285 0.030666666666666665
0 0.45125 0.7653333333333333 0.025500000000000002 0.03133333333333333
0 0.37225 0.7166666666666667 0.0375 0.033999999999999996
0 0.155125 0.6725 0.02225 0.043
0 0.32175 0.5529999999999999 0.0225 0.032
0 0.350375 0.5631666666666666 0.025750000000000002 0.04566666666666667
0 0.748125 0.5233333333333333 0.02675 0.03
0 0.8053750000000001 0.477 0.02625 0.038
0 0.8170000000000001 0.4443333333333333 0.0265 0.038
0 0.8346250000000001 0.42583333333333334 0.03375 0.035666666666666666
0 0.856625 0.4095 0.035250000000000004 0.043
0 0.8755000000000001 0.5321666666666667 0.05 0.051
0 0.835125 0.5613333333333334 0.029750000000000002 0.03
0 0.860375 0.6076666666666667 0.03325 0.04133333333333333
0 0.8835000000000001 0.6016666666666667 0.0315 0.03933333333333333
0 0.882125 0.6375 0.03075 0.036333333333333336
0 0.8562500000000001 0.646 0.029 0.034666666666666665
0 0.91025 0.6891666666666666 0.039 0.04766666666666666
0 0.877125 0.7045 0.029750000000000002 0.043
0 0.9706250000000001 0.7563333333333333 0.03175 0.044
0 0.952375 0.7815 0.04225 0.04833333333333333
0 0.974125 0.4473333333333333 0.01825 0.024666666666666667
0 0.961875 0.4106666666666667 0.01325 0.02
0 0.953875 0.3865 0.01975 0.02033333333333333
0 0.571125 0.3798333333333333 0.04475 0.043666666666666666
0 0.456125 0.17883333333333332 0.02725 0.036333333333333336
0 0.7010000000000001 0.48466666666666663 0.026000000000000002 0.038
