0 0.4935 0.419875 0.043666666666666666 0.029750000000000002
0 0.6325 0.442625 0.035666666666666666 0.02375
0 0.717 0.40625 0.034666666666666665 0.021500000000000002
0 0.7496666666666666 0.405625 0.02733333333333333 0.02375
0 0.8514999999999999 0.447125 0.035666666666666666 0.02725
0 0.9548333333333333 0.525875 0.036333333333333336 0.02675
0 0.981 0.54225 0.03133333333333333 0.025500000000000002
0 0.9823333333333333 0.566375 0.035333333333333335 0.02275
0 0.06666666666666667 0.423875 0.046 0.03075
0 0.0375 0.47950000000000004 0.03766666666666667 0.021500000000000002
0 0.030333333333333334 0.4685 0.028 0.0155
0 0.02333333333333333 0.49375 0.022666666666666665 0.0145
0 0.102 0.52625 0.034666666666666665 0.033
0 0.009166666666666667 0.538625 0.017666666666666667 0.01725
0 0.12516666666666668 0.58 0.034333333333333334 0.0265
0 0.16483333333333333 0.583875 0.037 0.03025
0 0.15316666666666667 0.608 0.034999999999999996 0.0265
0 0.13416666666666666 0.600125 0.023666666666666666 0.014750000000000001
0 0.1075 0.5905 0.036333333333333336 0.026000000000000002
0 0.16183333333333333 0.55175 0.03166666666666666 0.021500000000000002
0 0.23233333333333334 0.505875 0.035333333333333335 0.02025
0 0.22816666666666666 0.48562500000000003 0.034999999999999996 0.02025
0 0.20783333333333331 0.481375 0.037 0.02125
0 0.22766666666666666 0.463 0.046 0.0235
0 0.12966666666666665 0.485375 0.043333333333333335 0.02675
0 0.0915 0.4845 0.045 0.0285
0 0.1265 0.45737500000000003 0.03166666666666666 0.02825
0 0.15566666666666665 0.46575 0.032 0.022
0 0.20049999999999998 0.443375 0.043666666666666666 0.02525
0 0.1875 0.4665 0.041666666666666664 0.0225
0 0.2875 0.4205 0.047 0.0315
0 0.259 0.36275 0.035333333333333335 0.0275
0 0.30683333333333335 0.33275 0.048999999999999995 0.0285
0 0.35666666666666663 0.319 0.04533333333333333 0.0315
0 0.42483333333333334 0.354125 0.03766666666666667 0.02675
0 0.4375 0.573625 0.04566666666666667 0.02875
0 0.5046666666666666 0.585 0.03266666666666666 0.0235
0 0.5463333333333333 0.5826250000000001 0.033999999999999996 0.03775
0 0.5295 0.634125 0.033 0.02325
0 0.18816666666666665 0.622375 0.03166666666666666 0.02075
0 0.2836666666666667 0.519875 0.026 0.01425
0 0.5341666666666667 0.323 0.023 0.019
0 0.5426666666666666 0.34600000000000003 0.016666666666666666 0.014
0 0.6053333333333333 0.34425 0.03 0.0195
0 0.6355 0.401625 0.027666666666666666 0.01875
0 0.513 0.406875 0.033999999999999996 0.02225
0 0.5196666666666666 0.442625 0.034666666666666665 0.02675
0 0.493 0.471375 0.038 0.029750000000000002
0 0.5038333333333334 0.53825 0.035666666666666666 0.0245
0 0.648 0.49725 0.03866666666666667 0.025
0 0.5708333333333333 0.564125 0.028999999999999998 0.01875
0 0.645 0.611375 0.03133333333333333 0.02275
0 0.5603333333333333 0.609375 0.032 0.02925
0 0.6351666666666667 0.683 0.037 0.028
0 0.6673333333333333 0.701375 0.03933333333333333 0.029750000000000002
0 0.6943333333333334 0.684875 0.043333333333333335 0.03225
0 0.612 0.688625 0.033999999999999996 0.025750000000000002
0 0.5763333333333334 0.70875 0.036 0.0245
0 0.5396666666666666 0.706375 0.04466666666666667 0.02925
0 0.8246666666666667 0.6145 0.043333333333333335 0.0275
0 0.8806666666666666 0.5775 0.038 0.025
0 0.766 0.493 0.028 0.018000000000000002
0 0.6863333333333334 0.52025 0.022 0.017
0 0.8025 0.369875 0.03166666666666666 0.02025
0 0.9466666666666667 0.33487500000000003 0.017333333333333333 0.01375
0 0.9646666666666667 0.3315 0.014666666666666666 0.012
0 0.9628333333333333 0.32225 0.019 0.011
0 0.9776666666666667 0.319125 0.017333333333333333 0.010750000000000001
0 0.9831666666666666 0.310375 0.018333333333333333 0.00875
0 0.9864999999999999 0.29725 0.021666666666666667 0.0145
0 0.97 0.288375 0.018666666666666665 0.01375
0 0.6593333333333333 0.28375 0.03866666666666667 0.0235
0 0.3273333333333333 0.522 0.019333333333333334 0.014
0 0.32016666666666665 0.51325 0.016999999999999998 0.01
0 0.3525 0.525625 0.017666666666666667 0.01025
0 0.3898333333333333 0.505125 0.023666666666666666 0.01725
0 0.41666666666666663 0.50275 0.011333333333333332 0.0085
0 0.37033333333333335 0.4355 0.03866666666666667 0.0245
0 0.49566666666666664 0.35325 0.022666666666666665 0.018000000000000002
0 0.5168333333333334 0.337125 0.025666666666666667 0.02625
0 0.8976666666666666 0.492375 0.014 0.01725
0 0.9185 0.4935 0.017666666666666667 0.018000000000000002
0 0.9281666666666666 0.5201250000000001 0.019 0.02225
0 0.9195 0.559 0.02033333333333333 0.018000000000000002
