0 0.052000000000000005 0.5436666666666666 0.032 0.03333333333333333
0 0.078125 0.5296666666666666 0.03125 0.04066666666666666
0 0.234 0.5253333333333333 0.0445 0.03866666666666667
0 0.13 0.6305 0.029 0.034333333333333334
0 0.16125 0.6483333333333333 0.0305 0.032
0 0.169 0.6799999999999999 0.0305 0.03333333333333333
0 0.29725 0.6134999999999999 0.0305 0.041666666666666664
0 0.427 0.6738333333333333 0.032 0.024999999999999998
0 0.435875 0.6174999999999999 0.03125 0.03966666666666666
0 0.16525 0.7686666666666666 0.032 0.03733333333333333
0 0.28325 0.7963333333333333 0.0305 0.026
0 0.196 0.7816666666666666 0.025 0.04466666666666667
0 0.568375 0.6555 0.03975 0.03233333333333333
0 0.623375 0.6639999999999999 0.02325 0.03
0 0.5195 0.5468333333333333 0.033 0.03966666666666666
0 0.5503750000000001 0.5863333333333333 0.03375 0.03133333333333333
0 0.7801250000000001 0.8848333333333332 0.02425 0.034333333333333334
0 0.8155 0.8571666666666666 0.0265 0.03766666666666667
0 0.905375 0.7603333333333333 0.02825 0.035333333333333335
0 0.736625 0.6868333333333333 0.02025 0.034333333333333334
0 0.560875 0.6895 0.02675 0.031
0 0.295625 0.3138333333333333 0.02725 0.034333333333333334
0 0.331125 0.29433333333333334 0.01875 0.026
0 0.93975 0.7213333333333333 0.0265 0.03866666666666667
0 0.9695 0.6348333333333334 0.022 0.030333333333333334
0 0.183875 0.7301666666666666 0.02275 0.03766666666666667
0 0.17375000000000002 0.7061666666666666 0.0225 0.031
0 0.757375 0.6358333333333334 0.025750000000000002 0.03233333333333333
0 0.71625 0.577 0.025 0.03133333333333333
0 0.775375 0.7303333333333333 0.02425 0.03866666666666667
0 0.837125 0.6863333333333334 0.02275 0.03333333333333333
0 0.7987500000000001 0.654 0.021 0.03133333333333333
0 0.26625 0.4353333333333333 0.025 0.03133333333333333
0 0.565125 0.7451666666666666 0.02275 0.03233333333333333
0 0.453125 0.41183333333333333 0.021750000000000002 0.034333333333333334
0 0.614375 0.6978333333333333 0.025750000000000002 0.024999999999999998
0 0.726125 0.6311666666666667 0.017750000000000002 0.035666666666666666
0 0.633875 0.603 0.02275 0.03133333333333333
0 0.181125 0.5378333333333333 0.03125 0.034333333333333334
0 0.137375 0.5 0.03275 0.035333333333333335
