0 0.01225 0.35866666666666663 0.0135 0.020666666666666667
0 0.034 0.35083333333333333 0.0135 0.019666666666666666
0 0.0605 0.389 0.009000000000000001 0.015333333333333332
0 0.066375 0.3968333333333333 0.01125 0.011
0 0.040875 0.39899999999999997 0.00875 0.013333333333333332
0 0.08425 0.49366666666666664 0.0125 0.019333333333333334
0 0.013125 0.5121666666666667 0.01575 0.017666666666666667
0 0.022625 0.525 0.00875 0.016
0 0.0245 0.5548333333333333 0.008 0.01633333333333333
0 0.03275 0.5681666666666666 0.0115 0.013
0 0.041625 0.5828333333333333 0.01175 0.011
0 0.03 0.5545 0.0085 0.011
0 0.02075 0.4618333333333333 0.013000000000000001 0.013
0 0.0032500000000000003 0.38416666666666666 0.006 0.013
0 0.153875 0.39949999999999997 0.01425 0.018333333333333333
0 0.205875 0.4678333333333333 0.01325 0.02033333333333333
0 0.2455 0.4553333333333333 0.0225 0.022666666666666665
0 0.2765 0.5665 0.032 0.043666666666666666
0 0.351375 0.4515 0.03425 0.041666666666666664
0 0.065625 0.6491666666666667 0.02425 0.028333333333333332
0 0.043000000000000003 0.6826666666666666 0.023 0.032
0 0.075125 0.771 0.02075 0.025333333333333333
0 0.089125 0.7353333333333333 0.01825 0.034666666666666665
0 0.10875 0.7374999999999999 0.021500000000000002 0.03233333333333333
0 0.14225000000000002 0.7491666666666666 0.029500000000000002 0.03966666666666666
0 0.139 0.7896666666666666 0.035 0.03133333333333333
0 0.17350000000000002 0.7304999999999999 0.02 0.034333333333333334
0 0.158 0.7248333333333333 0.02 0.026333333333333334
0 0.157 0.6921666666666666 0.02 0.025666666666666667
0 0.17425000000000002 0.7056666666666667 0.018000000000000002 0.02733333333333333
0 0.194625 0.7056666666666667 0.01975 0.030666666666666665
0 0.195375 0.7353333333333333 0.02275 0.026666666666666665
0 0.226625 0.7091666666666666 0.025750000000000002 0.034999999999999996
0 0.25 0.7121666666666666 0.033 0.050333333333333334
0 0.233125 0.766 0.03275 0.03666666666666667
0 0.18675 0.5213333333333333 0.021500000000000002 0.026666666666666665
0 0.22337500000000002 0.46849999999999997 0.01825 0.03233333333333333
0 0.132875 0.3808333333333333 0.00925 0.019666666666666666
0 0.11425 0.38566666666666666 0.0095 0.009333333333333332
0 0.112375 0.3978333333333333 0.01025 0.010333333333333333
0 0.1795 0.2895 0.0205 0.020999999999999998
0 0.21937500000000001 0.2608333333333333 0.01725 0.02033333333333333
0 0.332125 0.13866666666666666 0.01425 0.021333333333333333
0 0.46625 0.4086666666666667 0.026000000000000002 0.03133333333333333
0 0.44325000000000003 0.39999999999999997 0.021500000000000002 0.03266666666666666
0 0.5095000000000001 0.45616666666666666 0.0365 0.04033333333333333
0 0.37775000000000003 0.5545 0.034 0.047
0 0.41600000000000004 0.5466666666666666 0.032 0.04666666666666666
0 0.437375 0.5388333333333333 0.01925 0.029666666666666664
0 0.46025 0.5541666666666667 0.024 0.034999999999999996
0 0.473875 0.5471666666666667 0.01875 0.031
0 0.552875 0.5575 0.029750000000000002 0.041
0 0.570375 0.5375 0.03175 0.041666666666666664
0 0.545625 0.582 0.021750000000000002 0.02
0 0.421125 0.7296666666666667 0.035250000000000004 0.049999999999999996
0 0.40225 0.7364999999999999 0.029 0.039
0 0.36612500000000003 0.727 0.03275 0.03933333333333333
0 0.33225 0.6725 0.028 0.034999999999999996
0 0.3875 0.6465 0.0315 0.04766666666666666
0 0.412875 0.6443333333333333 0.02825 0.04733333333333333
0 0.33587500000000003 0.6413333333333333 0.02625 0.030666666666666665
0 0.295875 0.694 0.02125 0.026
0 0.557 0.766 0.031 0.04666666666666666
0 0.6015 0.7751666666666667 0.029500000000000002 0.03833333333333333
0 0.595 0.7443333333333333 0.0265 0.046
0 0.69325 0.694 0.029500000000000002 0.03933333333333333
0 0.715875 0.6493333333333333 0.035250000000000004 0.034666666666666665
0 0.7000000000000001 0.6691666666666667 0.029 0.028333333333333332
0 0.66125 0.6124999999999999 0.029 0.027666666666666666
0 0.64175 0.6365 0.0235 0.033
0 0.628375 0.6106666666666667 0.02625 0.034666666666666665
0 0.5985 0.7115 0.022 0.023666666666666666
0 0.791125 0.5903333333333333 0.03125 0.038
0 0.854875 0.6955 0.02725 0.03166666666666666
0 0.863 0.72 0.0225 0.024
0 0.864125 0.6275 0.01975 0.031
0 0.88475 0.6283333333333333 0.02 0.03333333333333333
0 0.839875 0.6271666666666667 0.02125 0.034999999999999996
0 0.893625 0.581 0.02025 0.034666666666666665
0 0.95725 0.6406666666666666 0.0145 0.02
0 0.973125 0.6445 0.01525 0.024999999999999998
0 0.989625 0.6378333333333334 0.01175 0.018333333333333333
0 0.98475 0.6495 0.0105 0.012333333333333333
0 0.809625 0.5278333333333333 0.02025 0.028999999999999998
0 0.8290000000000001 0.5231666666666667 0.0155 0.023
0 0.8365 0.531 0.0105 0.022666666666666665
0 0.852 0.5236666666666666 0.0225 0.02733333333333333
0 0.7555000000000001 0.5188333333333334 0.0175 0.017666666666666667
0 0.76025 0.5038333333333334 0.012 0.018333333333333333
0 0.80075 0.4726666666666666 0.03 0.03933333333333333
0 0.440625 0.5991666666666666 0.02675 0.034333333333333334
0 0.10262500000000001 0.3448333333333333 0.010750000000000001 0.012333333333333333
0 0.11737500000000001 0.35333333333333333 0.01025 0.012
0 0.082875 0.3865 0.00625 0.011
0 0.27825 0.4495 0.015 0.019666666666666666
0 0.31725000000000003 0.491 0.0275 0.03333333333333333
0 0.3565 0.592 0.019 0.024
0 0.5211250000000001 0.5905 0.01025 0.013666666666666666
0 0.52625 0.5431666666666667 0.013000000000000001 0.019
0 0.47875 0.485 0.009000000000000001 0.014
0 0.4475 0.46699999999999997 0.015 0.021333333333333333
0 0.4685 0.46066666666666667 0.0125 0.018666666666666665
0 0.431 0.46199999999999997 0.0155 0.018666666666666665
0 0.626 0.438 0.0275 0.030666666666666665
0 0.60175 0.2798333333333333 0.022 0.028333333333333332
0 0.6411250000000001 0.29933333333333334 0.02375 0.026666666666666665
0 0.67525 0.30866666666666664 0.0175 0.020666666666666667
0 0.6118750000000001 0.3193333333333333 0.01925 0.02
0 0.594125 0.3436666666666667 0.01675 0.02
0 0.617375 0.33849999999999997 0.02025 0.020999999999999998
0 0.63175 0.31816666666666665 0.0205 0.019666666666666666
0 0.667375 0.33166666666666667 0.02375 0.030666666666666665
0 0.551 0.10283333333333333 0.023 0.03166666666666666
0 0.495375 0.0535 0.01425 0.016999999999999998
0 0.49462500000000004 0.06416666666666666 0.01925 0.019
0 0.47150000000000003 0.2875 0.017 0.018333333333333333
0 0.5275 0.35583333333333333 0.0265 0.029666666666666664
0 0.506875 0.381 0.03075 0.03
0 0.95025 0.4493333333333333 0.012 0.012666666666666666
0 0.9475 0.4573333333333333 0.0135 0.015333333333333332
0 0.956125 0.4136666666666666 0.01675 0.026666666666666665
0 0.990625 0.37766666666666665 0.01125 0.019333333333333334
0 0.996 0.30066666666666664 0.008 0.021333333333333333
0 0.926 0.2613333333333333 0.02 0.022
0 0.9845 0.24166666666666667 0.0165 0.024666666666666667
0 0.960125 0.20616666666666666 0.01425 0.01633333333333333
0 0.97675 0.19533333333333333 0.0135 0.017333333333333333
0 0.9858750000000001 0.1585 0.014750000000000001 0.01633333333333333
0 0.532875 0.20666666666666667 0.01525 0.017333333333333333
0 0.435375 0.30083333333333334 0.01575 0.02033333333333333
0 0.7418750000000001 0.5598333333333333 0.01125 0.019
0 0.749 0.5875 0.0125 0.015666666666666666
