0 0.517875 0.7441666666666666 0.03125 0.045
0 0.5483750000000001 0.7603333333333333 0.02675 0.048
0 0.490875 0.8191666666666666 0.03825 0.047
0 0.59175 0.8103333333333333 0.026000000000000002 0.046
0 0.64375 0.8363333333333333 0.0375 0.046
0 0.626625 0.8806666666666666 0.03125 0.03866666666666667
0 0.5995 0.6216666666666667 0.032 0.048
0 0.70575 0.49316666666666664 0.029 0.03833333333333333
0 0.681125 0.5946666666666667 0.03275 0.03733333333333333
0 0.276125 0.7221666666666666 0.03025 0.034333333333333334
0 0.452625 0.7441666666666666 0.03675 0.03833333333333333
0 0.445625 0.6779999999999999 0.025750000000000002 0.03733333333333333
0 0.71125 0.5368333333333333 0.0335 0.03233333333333333
0 0.81125 0.5128333333333334 0.021 0.036333333333333336
0 0.655375 0.439 0.03125 0.04466666666666667
0 0.67925 0.45666666666666667 0.0275 0.034666666666666665
0 0.645625 0.4593333333333333 0.03375 0.03333333333333333
0 0.062125 0.9076666666666666 0.03825 0.05533333333333333
0 0.766375 0.4676666666666667 0.021750000000000002 0.029333333333333333
0 0.79725 0.46749999999999997 0.018000000000000002 0.027
0 0.80575 0.4518333333333333 0.0195 0.024999999999999998
0 0.9902500000000001 0.6488333333333333 0.0165 0.04566666666666667
0 0.936625 0.5775 0.021750000000000002 0.034333333333333334
0 0.210875 0.6066666666666667 0.02825 0.028
0 0.121 0.5638333333333333 0.0265 0.03233333333333333
0 0.205125 0.5726666666666667 0.02425 0.03333333333333333
0 0.39525 0.48733333333333334 0.0345 0.03733333333333333
0 0.46475 0.47333333333333333 0.036000000000000004 0.03
0 0.435875 0.5571666666666667 0.03425 0.031
0 0.40775 0.36283333333333334 0.033 0.030333333333333334
0 0.4425 0.3165 0.032 0.028999999999999998
0 0.442125 0.39716666666666667 0.02675 0.03233333333333333
0 0.289375 0.30866666666666664 0.02425 0.026
0 0.244 0.289 0.032 0.03866666666666667
0 0.272 0.296 0.018000000000000002 0.028
0 0.31175 0.18883333333333333 0.0235 0.03233333333333333
0 0.28825 0.18583333333333332 0.025 0.028333333333333332
0 0.166375 0.2598333333333333 0.03275 0.036333333333333336
0 0.394125 0.24783333333333332 0.035250000000000004 0.03966666666666666
0 0.6445 0.7593333333333333 0.028 0.03333333333333333
0 0.627375 0.7358333333333333 0.029750000000000002 0.021666666666666667
0 0.5886250000000001 0.41866666666666663 0.02425 0.022666666666666665
0 0.577625 0.4495 0.02425 0.03233333333333333
0 0.7358750000000001 0.6008333333333333 0.01725 0.027
0 0.734375 0.6806666666666666 0.02025 0.028
0 0.776875 0.6726666666666666 0.02725 0.049999999999999996
0 0.87725 0.5243333333333333 0.022 0.03
0 0.15575 0.5838333333333333 0.0195 0.034333333333333334
0 0.10775 0.5331666666666667 0.0205 0.020999999999999998
0 0.08975 0.5035 0.0265 0.028333333333333332
0 0.029625000000000002 0.5833333333333333 0.021750000000000002 0.03133333333333333
0 0.7358750000000001 0.40149999999999997 0.02825 0.034333333333333334
0 0.069125 0.4755 0.02275 0.019666666666666666
0 0.11950000000000001 0.43116666666666664 0.022 0.027
0 0.01125 0.5405 0.0165 0.019
0 0.872625 0.49 0.02325 0.02
0 0.6441250000000001 0.49266666666666664 0.02725 0.029333333333333333
0 0.653 0.526 0.0235 0.035333333333333335
0 0.387 0.6655 0.021 0.027
0 0.39675 0.6363333333333333 0.0265 0.022666666666666665
0 0.253125 0.6091666666666666 0.01575 0.027
0 0.65225 0.40499999999999997 0.0155 0.016666666666666666
0 0.33087500000000003 0.4046666666666667 0.02275 0.028
0 0.37925000000000003 0.40149999999999997 0.021 0.030333333333333334
0 0.378875 0.4425 0.02025 0.023
0 0.2765 0.44116666666666665 0.025 0.03233333333333333
0 0.69275 0.35333333333333333 0.015 0.02
