0 0.10237500000000001 0.3025 0.029750000000000002 0.034333333333333334
0 0.36175 0.2665 0.0375 0.043666666666666666
0 0.428875 0.11966666666666666 0.02675 0.03333333333333333
0 0.4285 0.141 0.035 0.03
0 0.46287500000000004 0.0775 0.03375 0.036333333333333336
0 0.710875 0.14733333333333332 0.03125 0.03666666666666667
0 0.669875 0.1765 0.03825 0.03833333333333333
0 0.68825 0.20149999999999998 0.036000000000000004 0.045
0 0.384375 0.2618333333333333 0.03425 0.03833333333333333
0 0.388625 0.24516666666666667 0.03225 0.03833333333333333
0 0.40800000000000003 0.2855 0.025 0.034333333333333334
0 0.42775 0.26866666666666666 0.0325 0.04066666666666666
0 0.4305 0.27116666666666667 0.0245 0.03166666666666666
0 0.44625000000000004 0.2535 0.0205 0.033666666666666664
0 0.557125 0.4083333333333333 0.03425 0.033999999999999996
0 0.5690000000000001 0.4325 0.0235 0.033666666666666664
0 0.5915 0.436 0.025 0.04066666666666666
0 0.56125 0.4483333333333333 0.035500000000000004 0.04
0 0.39137500000000003 0.36233333333333334 0.02225 0.021333333333333333
0 0.3385 0.7993333333333333 0.039 0.051333333333333335
0 0.236625 0.5083333333333333 0.02675 0.03266666666666666
0 0.18175 0.5515 0.0345 0.03233333333333333
0 0.18825 0.4435 0.0285 0.029666666666666664
0 0.122375 0.48733333333333334 0.01925 0.024666666666666667
0 0.3205 0.5386666666666666 0.035500000000000004 0.034666666666666665
0 0.441875 0.5176666666666666 0.02725 0.03133333333333333
0 0.47300000000000003 0.5469999999999999 0.033 0.035333333333333335
0 0.521875 0.49516666666666664 0.02725 0.041
0 0.49025 0.45299999999999996 0.03 0.033999999999999996
0 0.2685 0.9808333333333333 0.038 0.03833333333333333
0 0.36925 0.945 0.0585 0.06666666666666667
0 0.58725 0.7863333333333333 0.035500000000000004 0.046
0 0.6843750000000001 0.864 0.04075 0.04733333333333333
0 0.735125 0.723 0.04025 0.049999999999999996
0 0.08775000000000001 0.527 0.022 0.02
0 0.15625 0.7321666666666666 0.0305 0.039
0 0.114625 0.8073333333333333 0.02825 0.03666666666666667
0 0.816375 0.6191666666666666 0.02775 0.043666666666666666
0 0.756875 0.4895 0.03725 0.039
0 0.7545000000000001 0.5278333333333333 0.043500000000000004 0.043
0 0.728625 0.4713333333333333 0.029750000000000002 0.04466666666666667
0 0.6980000000000001 0.4815 0.0345 0.037
0 0.82925 0.4713333333333333 0.03 0.04133333333333333
0 0.89825 0.4835 0.027 0.037
0 0.886125 0.49716666666666665 0.03175 0.04033333333333333
0 0.932625 0.5013333333333333 0.02825 0.03933333333333333
0 0.914375 0.542 0.02625 0.035333333333333335
0 0.9075 0.6323333333333333 0.0235 0.036
0 0.9147500000000001 0.7093333333333333 0.025500000000000002 0.030666666666666665
0 0.962125 0.6955 0.017750000000000002 0.029666666666666664
0 0.924875 0.2548333333333333 0.01325 0.01633333333333333
0 0.9365 0.27749999999999997 0.0165 0.018333333333333333
0 0.9606250000000001 0.2791666666666667 0.017750000000000002 0.024333333333333332
0 0.946875 0.30466666666666664 0.01125 0.020666666666666667
0 0.9570000000000001 0.30983333333333335 0.016 0.018333333333333333
0 0.9536250000000001 0.33766666666666667 0.00975 0.016666666666666666
0 0.962375 0.3388333333333333 0.01325 0.014333333333333333
0 0.93775 0.6786666666666666 0.0245 0.034666666666666665
0 0.9580000000000001 0.6536666666666666 0.0165 0.026666666666666665
0 0.976375 0.6493333333333333 0.01625 0.02333333333333333
0 0.932625 0.6111666666666666 0.02375 0.027
0 0.748 0.7701666666666667 0.032 0.04033333333333333
0 0.74925 0.8073333333333333 0.0375 0.036
0 0.8 0.8493333333333333 0.035 0.04533333333333333
0 0.753875 0.8644999999999999 0.04275 0.043666666666666666
0 0.689625 0.7376666666666667 0.03825 0.04933333333333333
0 0.711375 0.7768333333333333 0.03325 0.03766666666666667
0 0.691625 0.6213333333333333 0.03325 0.030666666666666665
0 0.632875 0.30833333333333335 0.02325 0.032
0 0.724875 0.309 0.02725 0.03133333333333333
0 0.723 0.271 0.025500000000000002 0.034666666666666665
0 0.092125 0.5073333333333333 0.01925 0.020666666666666667
0 0.019875 0.5171666666666667 0.01375 0.017666666666666667
0 0.025625000000000002 0.5896666666666667 0.01925 0.018
0 0.014750000000000001 0.4938333333333333 0.0145 0.015666666666666666
0 0.36925 0.31416666666666665 0.018000000000000002 0.023
0 0.385125 0.30316666666666664 0.017750000000000002 0.021666666666666667
0 0.18975 0.5336666666666666 0.021500000000000002 0.024
0 0.82975 0.3903333333333333 0.0285 0.03933333333333333
0 0.7947500000000001 0.3738333333333333 0.042 0.045
0 0.931 0.39016666666666666 0.014 0.020999999999999998
0 0.285875 0.30766666666666664 0.021750000000000002 0.019333333333333334
0 0.267 0.3205 0.022 0.028333333333333332
0 0.368 0.3496666666666667 0.021 0.021333333333333333
0 0.358125 0.31716666666666665 0.01325 0.020999999999999998
