0 0.011375 0.3505 0.01525 0.02033333333333333
0 0.018375 0.389 0.01725 0.018666666666666665
0 0.002875 0.39916666666666667 0.00525 0.015666666666666666
0 0.018875 0.41483333333333333 0.00725 0.019
0 0.026625 0.41133333333333333 0.012750000000000001 0.014666666666666666
0 0.002375 0.42416666666666664 0.00425 0.017666666666666667
0 0.007625 0.443 0.014750000000000001 0.022
0 0.031375 0.532 0.017750000000000002 0.018
0 0.056375 0.5508333333333333 0.01325 0.016999999999999998
0 0.0245 0.5553333333333333 0.0135 0.016666666666666666
0 0.12662500000000002 0.42483333333333334 0.02825 0.034999999999999996
0 0.177625 0.46699999999999997 0.02375 0.032
0 0.12762500000000002 0.5253333333333333 0.02625 0.03133333333333333
0 0.069375 0.6114999999999999 0.01325 0.018333333333333333
0 0.18275 0.6659999999999999 0.0245 0.029333333333333333
0 0.146 0.6853333333333333 0.021 0.024666666666666667
0 0.043375000000000004 0.7899999999999999 0.02025 0.022
0 0.093375 0.7881666666666667 0.017750000000000002 0.020999999999999998
0 0.123625 0.7518333333333334 0.01625 0.017666666666666667
0 0.242 0.74 0.018000000000000002 0.024666666666666667
0 0.304125 0.731 0.01325 0.02
0 0.20600000000000002 0.7076666666666667 0.017 0.020666666666666667
0 0.110875 0.6386666666666666 0.017750000000000002 0.02333333333333333
0 0.213125 0.3188333333333333 0.01725 0.030333333333333334
0 0.265 0.35366666666666663 0.024 0.026
0 0.255 0.3308333333333333 0.0185 0.019
0 0.2225 0.38866666666666666 0.024 0.022666666666666665
0 0.209125 0.39899999999999997 0.01825 0.02
0 0.22075 0.49033333333333334 0.027 0.042666666666666665
0 0.208125 0.5558333333333333 0.02325 0.03166666666666666
0 0.173625 0.5 0.021750000000000002 0.022666666666666665
0 0.151 0.5501666666666667 0.02 0.024999999999999998
0 0.2335 0.6366666666666666 0.022 0.02733333333333333
0 0.52225 0.24416666666666667 0.0195 0.025666666666666667
0 0.631875 0.27799999999999997 0.03125 0.033999999999999996
0 0.65125 0.2685 0.0325 0.04033333333333333
0 0.541625 0.3285 0.02825 0.042333333333333334
0 0.568625 0.34049999999999997 0.02425 0.026333333333333334
0 0.47300000000000003 0.39966666666666667 0.029500000000000002 0.035333333333333335
0 0.37625000000000003 0.37 0.0325 0.03666666666666667
0 0.274375 0.43166666666666664 0.03025 0.03133333333333333
0 0.11837500000000001 0.5863333333333333 0.01975 0.024
0 0.176375 0.6033333333333333 0.02525 0.024666666666666667
0 0.147375 0.6243333333333333 0.02775 0.028
0 0.233875 0.6011666666666666 0.02425 0.025666666666666667
0 0.2575 0.5605 0.019 0.033
0 0.233 0.5496666666666666 0.0225 0.024
0 0.2615 0.5003333333333333 0.0205 0.024
0 0.243625 0.48433333333333334 0.02425 0.03666666666666667
0 0.28425 0.46849999999999997 0.03 0.029666666666666664
0 0.295375 0.5043333333333333 0.01875 0.020666666666666667
0 0.287125 0.5576666666666666 0.02275 0.025333333333333333
0 0.277 0.6321666666666667 0.0225 0.034333333333333334
0 0.34 0.39566666666666667 0.021 0.024666666666666667
0 0.3225 0.372 0.021500000000000002 0.032
0 0.41400000000000003 0.3993333333333333 0.0315 0.03866666666666667
0 0.388 0.4116666666666666 0.0325 0.04066666666666666
0 0.39787500000000003 0.5466666666666666 0.025750000000000002 0.028666666666666667
0 0.43075 0.5476666666666666 0.029500000000000002 0.036
0 0.413875 0.5746666666666667 0.03075 0.03666666666666667
0 0.331125 0.5138333333333334 0.02875 0.034999999999999996
0 0.382125 0.4458333333333333 0.02375 0.039
0 0.51525 0.43033333333333335 0.0285 0.03266666666666666
0 0.5493750000000001 0.433 0.025750000000000002 0.03933333333333333
0 0.571875 0.36833333333333335 0.02425 0.029333333333333333
0 0.52 0.3815 0.0245 0.029666666666666664
0 0.7165 0.6278333333333334 0.0315 0.041666666666666664
0 0.68575 0.6301666666666667 0.032 0.043666666666666666
0 0.655625 0.619 0.03125 0.043333333333333335
0 0.629375 0.6608333333333333 0.02725 0.04033333333333333
0 0.6895 0.6931666666666666 0.0205 0.037
0 0.6032500000000001 0.8228333333333333 0.0365 0.041
0 0.592625 0.8726666666666666 0.03675 0.04733333333333333
0 0.596875 0.7768333333333333 0.03075 0.042333333333333334
0 0.5245 0.7261666666666666 0.04 0.041
0 0.51975 0.6839999999999999 0.0235 0.033999999999999996
0 0.49625 0.6641666666666667 0.016 0.025666666666666667
0 0.3965 0.7115 0.027 0.03233333333333333
0 0.39487500000000003 0.7515 0.03225 0.04033333333333333
0 0.405875 0.8101666666666666 0.02375 0.025666666666666667
0 0.468125 0.7678333333333333 0.035750000000000004 0.04033333333333333
0 0.817875 0.8078333333333333 0.03075 0.043
0 0.856625 0.8416666666666667 0.03225 0.04466666666666667
0 0.834125 0.8011666666666667 0.02125 0.027
0 0.844375 0.7568333333333334 0.01675 0.023666666666666666
0 0.853875 0.7386666666666667 0.02025 0.028
0 0.8805000000000001 0.7348333333333333 0.0285 0.043
0 0.84275 0.7226666666666667 0.02 0.02333333333333333
0 0.762875 0.7244999999999999 0.02225 0.027
0 0.80775 0.6715 0.0315 0.041
0 0.83175 0.6553333333333333 0.037 0.03266666666666666
0 0.8705 0.6261666666666666 0.03 0.041
0 0.80725 0.6066666666666667 0.0305 0.041999999999999996
0 0.606 0.7226666666666667 0.024 0.038
0 0.635375 0.7254999999999999 0.02625 0.030333333333333334
0 0.93975 0.5718333333333333 0.019 0.03166666666666666
0 0.94625 0.5499999999999999 0.0205 0.026666666666666665
0 0.901625 0.5026666666666666 0.017750000000000002 0.028666666666666667
0 0.9025 0.46316666666666667 0.017 0.028333333333333332
0 0.842875 0.4983333333333333 0.02375 0.034666666666666665
0 0.760625 0.5615 0.01925 0.031
0 0.77375 0.5223333333333333 0.028 0.032
0 0.691875 0.3441666666666667 0.02675 0.043
0 0.722625 0.3318333333333333 0.01875 0.035666666666666666
0 0.7425 0.33599999999999997 0.0275 0.028666666666666667
0 0.780875 0.30916666666666665 0.02275 0.034333333333333334
0 0.772375 0.3733333333333333 0.02275 0.02733333333333333
0 0.7995 0.38316666666666666 0.024 0.025666666666666667
0 0.822875 0.39466666666666667 0.02075 0.026666666666666665
0 0.54475 0.46849999999999997 0.0235 0.030333333333333334
0 0.508 0.45966666666666667 0.0285 0.026
0 0.527875 0.5173333333333333 0.03375 0.03733333333333333
0 0.538375 0.6393333333333333 0.02325 0.028
0 0.508125 0.7798333333333333 0.02875 0.030333333333333334
0 0.80075 0.9573333333333333 0.0285 0.038
0 0.7232500000000001 0.9036666666666666 0.023 0.030666666666666665
0 0.6411250000000001 0.9306666666666666 0.02275 0.026
0 0.68375 0.43166666666666664 0.0235 0.034666666666666665
0 0.644875 0.4041666666666667 0.01525 0.02033333333333333
0 0.713375 0.241 0.02275 0.03266666666666666
0 0.73775 0.24033333333333332 0.024 0.038
0 0.754375 0.2368333333333333 0.02325 0.047
0 0.44175000000000003 0.6265 0.023 0.028333333333333332
0 0.391625 0.6423333333333333 0.01975 0.038
0 0.53625 0.6208333333333333 0.02 0.025666666666666667
0 0.358625 0.6251666666666666 0.01925 0.027
0 0.613375 0.6131666666666666 0.02075 0.024999999999999998
0 0.7065 0.4348333333333333 0.0165 0.025666666666666667
0 0.959875 0.528 0.00975 0.018
0 0.900875 0.6058333333333333 0.01025 0.021666666666666667
0 0.8482500000000001 0.6166666666666667 0.018000000000000002 0.030666666666666665
0 0.60275 0.5358333333333333 0.017 0.018333333333333333
0 0.609 0.5863333333333333 0.0145 0.020666666666666667
