0 0.0155 0.6051666666666666 0.0235 0.028999999999999998
0 0.023375 0.5613333333333334 0.01425 0.018666666666666665
0 0.017125 0.5363333333333333 0.01875 0.018666666666666665
0 0.0225 0.5196666666666666 0.0125 0.016666666666666666
0 0.057375 0.5941666666666666 0.01325 0.023666666666666666
0 0.08662500000000001 0.6258333333333334 0.021750000000000002 0.024999999999999998
0 0.1055 0.5806666666666667 0.011 0.022
0 0.11912500000000001 0.5831666666666666 0.014750000000000001 0.020999999999999998
0 0.1605 0.5071666666666667 0.0165 0.031
0 0.20025 0.5275 0.0195 0.026333333333333334
0 0.153125 0.3865 0.029750000000000002 0.024999999999999998
0 0.262125 0.35666666666666663 0.014750000000000001 0.034666666666666665
0 0.274875 0.3555 0.01875 0.034333333333333334
0 0.2495 0.5676666666666667 0.0165 0.029333333333333333
0 0.274625 0.5711666666666666 0.02725 0.03233333333333333
0 0.236625 0.59 0.01875 0.024
0 0.200625 0.624 0.01875 0.03333333333333333
0 0.18275 0.6341666666666667 0.028 0.024999999999999998
0 0.166375 0.6679999999999999 0.02025 0.024
0 0.1605 0.6978333333333333 0.021 0.028999999999999998
0 0.16875 0.7373333333333333 0.022 0.020666666666666667
0 0.192125 0.7571666666666667 0.029750000000000002 0.05233333333333333
0 0.40900000000000003 0.7086666666666667 0.0335 0.04466666666666667
0 0.2465 0.6951666666666666 0.018000000000000002 0.028333333333333332
0 0.26825 0.6769999999999999 0.0165 0.014666666666666666
0 0.287875 0.6665 0.02725 0.027
0 0.2925 0.2905 0.0195 0.03766666666666667
0 0.317875 0.3133333333333333 0.02825 0.035333333333333335
0 0.36562500000000003 0.356 0.021750000000000002 0.03333333333333333
0 0.42925 0.33166666666666667 0.026000000000000002 0.034666666666666665
0 0.521875 0.3135 0.029750000000000002 0.041666666666666664
0 0.518625 0.45349999999999996 0.029750000000000002 0.030333333333333334
0 0.28350000000000003 0.1895 0.0265 0.024999999999999998
0 0.398 0.35933333333333334 0.0275 0.029333333333333333
0 0.413625 0.3743333333333333 0.01975 0.022
0 0.389 0.3785 0.0265 0.019666666666666666
0 0.36325 0.7869999999999999 0.033 0.04066666666666666
0 0.38625 0.7919999999999999 0.0195 0.03866666666666667
0 0.324125 0.94 0.03125 0.04666666666666666
0 0.386875 0.8835 0.02425 0.03833333333333333
0 0.420625 0.8811666666666667 0.02875 0.03966666666666666
0 0.42725 0.9608333333333333 0.0265 0.034333333333333334
0 0.45937500000000003 0.867 0.02825 0.042666666666666665
0 0.52575 0.4175 0.029500000000000002 0.027
0 0.552625 0.3983333333333333 0.025750000000000002 0.032
0 0.574625 0.39266666666666666 0.025750000000000002 0.029333333333333333
0 0.375375 0.439 0.01625 0.024
0 0.608875 0.8161666666666666 0.02725 0.03233333333333333
0 0.590875 0.84 0.025750000000000002 0.032
0 0.571375 0.8181666666666666 0.025750000000000002 0.034333333333333334
0 0.584375 0.749 0.03125 0.03333333333333333
0 0.77375 0.8546666666666667 0.032 0.04466666666666667
0 0.65575 0.941 0.029 0.03866666666666667
0 0.268 0.4096666666666667 0.0235 0.024
0 0.274125 0.39416666666666667 0.01875 0.017666666666666667
0 0.107375 0.6703333333333333 0.01975 0.024
0 0.12687500000000002 0.6661666666666667 0.01625 0.017666666666666667
0 0.13975 0.6505 0.0155 0.015666666666666666
0 0.582 0.6228333333333333 0.028 0.028999999999999998
0 0.584375 0.5686666666666667 0.02825 0.03133333333333333
0 0.616375 0.6488333333333333 0.02325 0.028999999999999998
0 0.606625 0.6769999999999999 0.02725 0.035333333333333335
0 0.6335000000000001 0.5978333333333333 0.025 0.023
0 0.643 0.628 0.0235 0.018666666666666665
0 0.689375 0.7551666666666667 0.02725 0.03966666666666666
0 0.906625 0.7441666666666666 0.02275 0.026333333333333334
0 0.85575 0.7076666666666667 0.0165 0.024
0 0.877375 0.43216666666666664 0.029750000000000002 0.04766666666666666
0 0.40650000000000003 0.317 0.0195 0.024
0 0.45937500000000003 0.30916666666666665 0.01875 0.024999999999999998
0 0.7055 0.19933333333333333 0.0265 0.022
0 0.69675 0.22133333333333333 0.025 0.026
0 0.694125 0.10083333333333333 0.02725 0.024999999999999998
0 0.723 0.15466666666666667 0.024 0.026
0 0.8961250000000001 0.388 0.029750000000000002 0.03866666666666667
0 0.789875 0.4483333333333333 0.02025 0.024
0 0.758875 0.36033333333333334 0.01325 0.022666666666666665
0 0.8160000000000001 0.39166666666666666 0.0225 0.035333333333333335
0 0.82575 0.3263333333333333 0.028 0.026
0 0.911375 0.18116666666666667 0.02425 0.028999999999999998
0 0.839375 0.15616666666666665 0.03375 0.035666666666666666
0 0.784375 0.638 0.03425 0.03866666666666667
0 0.122625 0.5613333333333334 0.01875 0.022666666666666665
0 0.05075 0.5618333333333333 0.011 0.013666666666666666
0 0.08975 0.44966666666666666 0.013000000000000001 0.016
0 0.095 0.43216666666666664 0.011 0.010333333333333333
0 0.200625 0.43366666666666664 0.01875 0.024
0 0.775625 0.2395 0.01875 0.023
0 0.633125 0.2905 0.02275 0.028999999999999998
0 0.687125 0.2965 0.01175 0.022333333333333334
0 0.7035 0.2955 0.017 0.026333333333333334
0 0.64275 0.3555 0.019 0.016999999999999998
0 0.68575 0.3438333333333333 0.0155 0.017666666666666667
0 0.762125 0.4453333333333333 0.01225 0.012666666666666666
0 0.63975 0.4643333333333333 0.0245 0.024
0 0.62825 0.42533333333333334 0.018000000000000002 0.014666666666666666
0 0.885625 0.49916666666666665 0.01375 0.015
0 0.9095 0.4553333333333333 0.0115 0.014
0 0.93275 0.47383333333333333 0.015 0.01633333333333333
0 0.973875 0.4681666666666667 0.012750000000000001 0.017666666666666667
0 0.984125 0.46849999999999997 0.01125 0.018333333333333333
0 0.993 0.474 0.0075 0.018666666666666665
0 0.791375 0.602 0.01875 0.022666666666666665
0 0.808 0.6188333333333333 0.018000000000000002 0.022333333333333334
0 0.293375 0.4215 0.01375 0.019666666666666666
0 0.30125 0.4013333333333333 0.015 0.014666666666666666
0 0.2105 0.6836666666666666 0.0145 0.028
0 0.362 0.6936666666666667 0.012 0.016666666666666666
