0 0.18937500000000002 0.5451666666666667 0.03825 0.048999999999999995
0 0.27137500000000003 0.6831666666666666 0.02725 0.043666666666666666
0 0.24525 0.6863333333333334 0.022 0.03733333333333333
0 0.30425 0.6998333333333333 0.0335 0.04566666666666667
0 0.332 0.7374999999999999 0.028 0.041666666666666664
0 0.36475 0.7363333333333333 0.025 0.03933333333333333
0 0.202625 0.5966666666666667 0.025750000000000002 0.035333333333333335
0 0.2265 0.5895 0.0235 0.03966666666666666
0 0.3835 0.4915 0.0235 0.028999999999999998
0 0.395625 0.5108333333333334 0.02725 0.028333333333333332
0 0.73625 0.10733333333333334 0.032 0.03333333333333333
0 0.884 0.27599999999999997 0.0305 0.03733333333333333
0 0.737 0.20083333333333334 0.0335 0.03966666666666666
0 0.740625 0.2603333333333333 0.029750000000000002 0.03333333333333333
0 0.728125 0.29 0.03125 0.03
0 0.12075 0.6233333333333333 0.0305 0.034666666666666665
0 0.09575 0.6431666666666667 0.0305 0.03233333333333333
0 0.128875 0.6561666666666667 0.02825 0.03766666666666667
0 0.155875 0.6561666666666667 0.02275 0.035666666666666666
0 0.13325 0.7515 0.032 0.047
0 0.036000000000000004 0.5618333333333333 0.025 0.030333333333333334
0 0.082 0.8003333333333333 0.0375 0.03866666666666667
0 0.12612500000000001 0.813 0.02725 0.04066666666666666
0 0.22187500000000002 0.8703333333333333 0.03275 0.04066666666666666
0 0.02075 0.9228333333333333 0.041 0.041666666666666664
0 0.022125 0.966 0.03825 0.03866666666666667
0 0.058875000000000004 0.9515 0.025750000000000002 0.048999999999999995
0 0.074625 0.94 0.02275 0.042666666666666665
0 0.36162500000000003 0.6426666666666666 0.03275 0.048
0 0.42725 0.6378333333333334 0.0375 0.047
0 0.41050000000000003 0.8061666666666666 0.04 0.028999999999999998
0 0.5886250000000001 0.3853333333333333 0.035250000000000004 0.03133333333333333
0 0.742125 0.45766666666666667 0.02325 0.028
0 0.7515000000000001 0.5123333333333333 0.029500000000000002 0.029333333333333333
0 0.609375 0.5551666666666667 0.04075 0.03766666666666667
0 0.5985 0.626 0.025 0.03733333333333333
0 0.65225 0.303 0.028 0.03333333333333333
0 0.95425 0.6306666666666666 0.0305 0.03
0 0.9566250000000001 0.6676666666666666 0.03375 0.029333333333333333
0 0.9253750000000001 0.6723333333333333 0.02725 0.04466666666666667
0 0.8495 0.601 0.0335 0.03733333333333333
0 0.880125 0.6578333333333333 0.025750000000000002 0.03233333333333333
0 0.8250000000000001 0.7253333333333333 0.0375 0.042666666666666665
0 0.8023750000000001 0.7483333333333333 0.02025 0.026
0 0.812 0.7686666666666666 0.029 0.022666666666666665
0 0.9805 0.9728333333333333 0.039 0.05433333333333333
0 0.6355000000000001 0.6478333333333333 0.029 0.027
0 0.654625 0.6306666666666666 0.02825 0.028
0 0.69875 0.3125 0.0275 0.03966666666666666
0 0.6875 0.3388333333333333 0.0265 0.034333333333333334
0 0.230375 0.4706666666666667 0.029750000000000002 0.03133333333333333
0 0.27725 0.37133333333333335 0.0265 0.026
0 0.5327500000000001 0.4453333333333333 0.022 0.024
