0 0.036625 0.8386666666666667 0.01925 0.032
0 0.059750000000000004 0.7661666666666667 0.025500000000000002 0.031
0 0.021125 0.7233333333333333 0.02775 0.03133333333333333
0 0.0125 0.7506666666666666 0.024 0.026666666666666665
0 0.062375 0.6816666666666666 0.03275 0.03933333333333333
0 0.085 0.6706666666666666 0.0285 0.03666666666666667
0 0.037375 0.6635 0.02425 0.028999999999999998
0 0.07475 0.6074999999999999 0.025500000000000002 0.03766666666666667
0 0.00975 0.6288333333333334 0.019 0.033666666666666664
0 0.0675 0.5945 0.028 0.035666666666666666
0 0.11775000000000001 0.5668333333333333 0.0235 0.027666666666666666
0 0.116625 0.5923333333333333 0.02125 0.024666666666666667
0 0.096625 0.5816666666666667 0.021750000000000002 0.025333333333333333
0 0.13725 0.593 0.0185 0.019333333333333334
0 0.14100000000000001 0.6108333333333333 0.0245 0.024999999999999998
0 0.15925 0.581 0.0315 0.03666666666666667
0 0.196125 0.6518333333333333 0.03425 0.04633333333333333
0 0.1565 0.6701666666666667 0.0195 0.025666666666666667
0 0.231625 0.6808333333333333 0.02325 0.034999999999999996
0 0.25225000000000003 0.7424999999999999 0.021 0.028999999999999998
0 0.26887500000000003 0.6426666666666666 0.02325 0.03
0 0.323125 0.7478333333333333 0.02425 0.030333333333333334
0 0.362375 0.7501666666666666 0.02725 0.033
0 0.25875 0.6555 0.013000000000000001 0.022333333333333334
0 0.276125 0.6918333333333333 0.021750000000000002 0.026333333333333334
0 0.13675 0.4725 0.0285 0.036333333333333336
0 0.208375 0.4245 0.03775 0.04033333333333333
0 0.244375 0.41566666666666663 0.02775 0.032
0 0.229375 0.438 0.02225 0.030666666666666665
0 0.21175 0.45949999999999996 0.0275 0.023666666666666666
0 0.0725 0.41383333333333333 0.0235 0.027666666666666666
0 0.038375 0.514 0.021750000000000002 0.028666666666666667
0 0.09375 0.42066666666666663 0.0145 0.019333333333333334
0 0.262125 0.2796666666666667 0.02025 0.026666666666666665
0 0.1765 0.35933333333333334 0.0225 0.02333333333333333
0 0.14425 0.32516666666666666 0.0125 0.019
0 0.15575 0.3383333333333333 0.014 0.02
0 0.297875 0.22083333333333333 0.03275 0.04033333333333333
0 0.289125 0.26866666666666666 0.02425 0.029333333333333333
0 0.30162500000000003 0.3128333333333333 0.02225 0.033
0 0.312125 0.32116666666666666 0.012750000000000001 0.024999999999999998
0 0.337375 0.284 0.03025 0.043333333333333335
0 0.30162500000000003 0.4728333333333333 0.01925 0.024999999999999998
0 0.276625 0.5735 0.02425 0.039
0 0.37125 0.5696666666666667 0.0275 0.038
0 0.36125 0.6523333333333333 0.014 0.020666666666666667
0 0.385875 0.6301666666666667 0.01375 0.015
0 0.3825 0.6028333333333333 0.0115 0.011666666666666665
0 0.395125 0.542 0.02925 0.04133333333333333
0 0.33375 0.5396666666666666 0.0135 0.021333333333333333
0 0.2915 0.5596666666666666 0.0155 0.021333333333333333
0 0.266625 0.506 0.02775 0.036
0 0.21775 0.47933333333333333 0.018000000000000002 0.018666666666666665
0 0.37725000000000003 0.3883333333333333 0.029 0.038
0 0.442625 0.37083333333333335 0.02375 0.03233333333333333
0 0.463625 0.38566666666666666 0.02625 0.034666666666666665
0 0.430875 0.434 0.01875 0.025333333333333333
0 0.397125 0.44816666666666666 0.02325 0.028333333333333332
0 0.449375 0.49133333333333334 0.01875 0.024666666666666667
0 0.471375 0.48333333333333334 0.025750000000000002 0.03266666666666666
0 0.41350000000000003 0.477 0.018000000000000002 0.022666666666666665
0 0.391 0.485 0.028 0.036
0 0.415625 0.5166666666666666 0.01525 0.024
0 0.3565 0.5058333333333334 0.019 0.022333333333333334
0 0.34725 0.5193333333333333 0.0175 0.016666666666666666
0 0.337125 0.41233333333333333 0.017750000000000002 0.022
0 0.35275 0.39416666666666667 0.0135 0.01633333333333333
0 0.430875 0.6174999999999999 0.01425 0.02033333333333333
0 0.445 0.6091666666666666 0.0115 0.017666666666666667
0 0.444 0.6238333333333334 0.012 0.016999999999999998
0 0.45925 0.6261666666666666 0.012 0.015666666666666666
0 0.449625 0.6473333333333333 0.01675 0.014666666666666666
0 0.528375 0.774 0.02375 0.038
0 0.57275 0.74 0.029 0.034666666666666665
0 0.607625 0.6866666666666666 0.03475 0.04466666666666667
0 0.6531250000000001 0.6224999999999999 0.02375 0.04833333333333333
0 0.670375 0.6236666666666666 0.02825 0.048
0 0.657125 0.7106666666666667 0.02275 0.034666666666666665
0 0.676875 0.7103333333333333 0.02775 0.036
0 0.699125 0.6769999999999999 0.01925 0.02333333333333333
0 0.708375 0.7028333333333333 0.01725 0.021666666666666667
0 0.740375 0.7618333333333334 0.02375 0.033666666666666664
0 0.784625 0.7929999999999999 0.025750000000000002 0.029333333333333333
0 0.79225 0.7376666666666667 0.0195 0.030666666666666665
0 0.753875 0.711 0.01525 0.021333333333333333
0 0.743125 0.7076666666666667 0.01825 0.018
0 0.805625 0.6603333333333333 0.021750000000000002 0.030666666666666665
0 0.78075 0.6875 0.012 0.014333333333333333
0 0.8376250000000001 0.7013333333333334 0.02725 0.035333333333333335
0 0.82325 0.7605 0.021 0.026333333333333334
0 0.840125 0.6013333333333333 0.02775 0.03666666666666667
0 0.746125 0.5681666666666666 0.025750000000000002 0.042333333333333334
0 0.727875 0.5718333333333333 0.02675 0.041666666666666664
0 0.708 0.5726666666666667 0.0235 0.03866666666666667
0 0.659375 0.5746666666666667 0.017750000000000002 0.026
0 0.622 0.4825 0.0365 0.04566666666666667
0 0.681875 0.46699999999999997 0.03475 0.04466666666666667
0 0.717375 0.45816666666666667 0.03475 0.043
0 0.647875 0.45299999999999996 0.02725 0.03866666666666667
0 0.74625 0.22833333333333333 0.03 0.034666666666666665
0 0.535125 0.4998333333333333 0.02425 0.033666666666666664
0 0.558625 0.5655 0.021750000000000002 0.027666666666666666
0 0.510375 0.48566666666666664 0.014750000000000001 0.022666666666666665
0 0.5325 0.5375 0.0135 0.015666666666666666
0 0.818375 0.489 0.025750000000000002 0.03333333333333333
0 0.758 0.5026666666666666 0.0285 0.03333333333333333
0 0.6725 0.5195 0.027 0.034333333333333334
0 0.69125 0.5023333333333333 0.029500000000000002 0.03333333333333333
0 0.625625 0.5465 0.01525 0.01633333333333333
0 0.418 0.5735 0.014 0.019
0 0.422375 0.5549999999999999 0.01375 0.019333333333333334
0 0.403875 0.5773333333333334 0.01225 0.020666666666666667
0 0.6421250000000001 0.6515 0.010750000000000001 0.019666666666666666
0 0.667625 0.6528333333333333 0.01525 0.01633333333333333
0 0.6188750000000001 0.6038333333333333 0.01325 0.02033333333333333
0 0.8375 0.5443333333333333 0.0175 0.022
0 0.8555 0.5423333333333333 0.018000000000000002 0.021333333333333333
0 0.9715 0.7213333333333333 0.027 0.03333333333333333
0 0.830375 0.862 0.02275 0.03666666666666667
0 0.85575 0.8021666666666667 0.0245 0.034999999999999996
0 0.8795000000000001 0.7879999999999999 0.026000000000000002 0.029333333333333333
0 0.884875 0.7996666666666666 0.02375 0.03133333333333333
0 0.898875 0.7876666666666666 0.01925 0.035333333333333335
0 0.905 0.8238333333333333 0.0345 0.035666666666666666
0 0.8595 0.7665 0.03 0.033
0 0.86675 0.7221666666666666 0.025 0.030333333333333334
0 0.915625 0.7088333333333333 0.02375 0.03233333333333333
0 0.95075 0.7178333333333333 0.021 0.027
0 0.96425 0.6829999999999999 0.025 0.030666666666666665
0 0.880625 0.6825 0.025750000000000002 0.027666666666666666
0 0.89575 0.5818333333333333 0.0125 0.019
0 0.916875 0.6 0.01425 0.016666666666666666
0 0.9805 0.6396666666666666 0.0265 0.030666666666666665
0 0.82625 0.3738333333333333 0.01 0.013666666666666666
