0 0.114875 0.4165 0.02525 0.03166666666666666
0 0.1375 0.41766666666666663 0.025 0.033999999999999996
0 0.136875 0.36883333333333335 0.02475 0.03166666666666666
0 0.108 0.3888333333333333 0.025 0.027
0 0.093 0.439 0.025500000000000002 0.03
0 0.40175 0.3198333333333333 0.0335 0.036333333333333336
0 0.26587500000000003 0.24416666666666667 0.02675 0.031
0 0.26987500000000003 0.6321666666666667 0.03125 0.042333333333333334
0 0.312875 0.6538333333333333 0.03175 0.037
0 0.3605 0.5691666666666666 0.027 0.03833333333333333
0 0.211 0.5816666666666667 0.026000000000000002 0.03133333333333333
0 0.029 0.727 0.0185 0.022666666666666665
0 0.145375 0.609 0.02475 0.029333333333333333
0 0.15762500000000002 0.6561666666666667 0.02275 0.024999999999999998
0 0.1995 0.6588333333333333 0.021 0.031
0 0.098625 0.48283333333333334 0.01925 0.023
0 0.163625 0.4728333333333333 0.02425 0.024999999999999998
0 0.200625 0.45616666666666666 0.02075 0.023666666666666666
0 0.132375 0.5516666666666666 0.017750000000000002 0.022666666666666665
0 0.183 0.5461666666666667 0.025500000000000002 0.026333333333333334
0 0.116125 0.5 0.01575 0.021333333333333333
0 0.14150000000000001 0.4746666666666666 0.0195 0.024
0 0.181 0.3645 0.0265 0.028999999999999998
0 0.21425 0.37916666666666665 0.0165 0.020999999999999998
0 0.197 0.38866666666666666 0.0205 0.022666666666666665
0 0.224 0.40166666666666667 0.022 0.022666666666666665
0 0.417375 0.4958333333333333 0.029750000000000002 0.033666666666666664
0 0.384125 0.5663333333333334 0.01825 0.033999999999999996
0 0.40375 0.5761666666666666 0.022 0.031
0 0.414125 0.6151666666666666 0.03025 0.04433333333333333
0 0.472625 0.6348333333333334 0.02775 0.039
0 0.455125 0.6679999999999999 0.03025 0.03733333333333333
0 0.47375 0.6679999999999999 0.021500000000000002 0.034666666666666665
0 0.488875 0.66 0.03175 0.03666666666666667
0 0.439 0.7015 0.023 0.039
0 0.45525 0.7118333333333333 0.028 0.034999999999999996
0 0.42975 0.7343333333333333 0.022 0.028666666666666667
0 0.4685 0.7363333333333333 0.0235 0.033999999999999996
0 0.3215 0.6196666666666667 0.022 0.018666666666666665
0 0.595875 0.322 0.01975 0.03266666666666666
0 0.55625 0.22633333333333333 0.023 0.032
0 0.6135 0.243 0.026000000000000002 0.034666666666666665
0 0.671625 0.6535 0.029750000000000002 0.041666666666666664
0 0.791625 0.6523333333333333 0.02925 0.03133333333333333
0 0.737375 0.6866666666666666 0.02025 0.026
0 0.685 0.72 0.0245 0.03
0 0.69825 0.587 0.02 0.030666666666666665
0 0.73175 0.6146666666666667 0.025500000000000002 0.028
0 0.71325 0.5426666666666666 0.025500000000000002 0.03
0 0.74275 0.5433333333333333 0.0225 0.02733333333333333
0 0.26325 0.7986666666666666 0.0245 0.034666666666666665
0 0.472375 0.5518333333333333 0.03325 0.041
0 0.5015000000000001 0.5406666666666666 0.022 0.033999999999999996
0 0.523 0.534 0.023 0.034666666666666665
0 0.540625 0.5565 0.01975 0.028333333333333332
0 0.55 0.5118333333333334 0.029 0.04033333333333333
0 0.566125 0.5436666666666666 0.02075 0.030666666666666665
0 0.58125 0.5476666666666666 0.021 0.029333333333333333
0 0.6723750000000001 0.5288333333333333 0.02275 0.034333333333333334
0 0.697875 0.42966666666666664 0.02725 0.03266666666666666
0 0.73575 0.4073333333333333 0.025500000000000002 0.035333333333333335
0 0.740625 0.4458333333333333 0.02525 0.030333333333333334
0 0.7817500000000001 0.4663333333333333 0.024 0.03933333333333333
0 0.760625 0.4468333333333333 0.02225 0.035666666666666666
0 0.74375 0.4855 0.023 0.026333333333333334
0 0.726 0.3233333333333333 0.028 0.033999999999999996
0 0.496875 0.45866666666666667 0.02925 0.03266666666666666
0 0.3185 0.5925 0.025500000000000002 0.026333333333333334
0 0.839 0.6576666666666666 0.015 0.024666666666666667
0 0.8935000000000001 0.6495 0.025 0.035666666666666666
0 0.547 0.41583333333333333 0.019 0.027
0 0.923125 0.6613333333333333 0.02025 0.025333333333333333
0 0.828125 0.6966666666666667 0.01525 0.021333333333333333
0 0.854 0.6901666666666666 0.016 0.020999999999999998
0 0.839375 0.6841666666666666 0.01425 0.015666666666666666
0 0.880875 0.6839999999999999 0.02075 0.022
0 0.897625 0.6943333333333334 0.01375 0.017333333333333333
0 0.9430000000000001 0.5608333333333333 0.0235 0.024999999999999998
0 0.7755 0.6228333333333333 0.0275 0.029666666666666664
0 0.94275 0.352 0.017 0.018666666666666665
0 0.903 0.36266666666666664 0.012 0.015333333333333332
0 0.9802500000000001 0.44866666666666666 0.0095 0.018666666666666665
0 0.963375 0.5525 0.01175 0.016999999999999998
0 0.9858750000000001 0.5311666666666667 0.010750000000000001 0.015
0 0.6072500000000001 0.501 0.021 0.028
0 0.6225 0.3868333333333333 0.0195 0.025666666666666667
0 0.619 0.4385 0.03 0.03233333333333333
0 0.65475 0.4348333333333333 0.025500000000000002 0.028333333333333332
