0 0.0815 0.5241666666666667 0.035 0.041666666666666664
0 0.12025 0.5441666666666667 0.0375 0.04633333333333333
0 0.05625 0.5238333333333333 0.029 0.03966666666666666
0 0.099 0.45616666666666666 0.0405 0.04433333333333333
0 0.083875 0.4958333333333333 0.03975 0.034999999999999996
0 0.1875 0.48016666666666663 0.0415 0.03966666666666666
0 0.1115 0.7528333333333334 0.0345 0.041666666666666664
0 0.152125 0.7426666666666667 0.03325 0.03933333333333333
0 0.029625000000000002 0.7971666666666667 0.03425 0.036333333333333336
0 0.0195 0.7656666666666666 0.036000000000000004 0.033999999999999996
0 0.046625 0.7638333333333333 0.03375 0.03766666666666667
0 0.06875 0.7686666666666666 0.0185 0.032
0 0.081 0.7468333333333333 0.0275 0.027
0 0.074 0.7208333333333333 0.0345 0.036333333333333336
0 0.05675 0.706 0.0265 0.024
0 0.05025 0.6788333333333333 0.029500000000000002 0.029666666666666664
0 0.016375 0.6455 0.03175 0.03833333333333333
0 0.168 0.6965 0.0235 0.027666666666666666
0 0.1685 0.6413333333333333 0.0195 0.03
0 0.185375 0.6451666666666667 0.01675 0.026333333333333334
0 0.15775 0.5936666666666667 0.027 0.046
0 0.24325 0.5705 0.03 0.03833333333333333
0 0.29475 0.6176666666666667 0.0405 0.038
0 0.372625 0.6173333333333333 0.04125 0.048666666666666664
0 0.436125 0.7253333333333333 0.03275 0.048
0 0.240375 0.8493333333333333 0.04025 0.035333333333333335
0 0.0145 0.36566666666666664 0.0285 0.04933333333333333
0 0.26475 0.35733333333333334 0.039 0.05333333333333333
0 0.3015 0.39 0.0365 0.052
0 0.294875 0.3358333333333333 0.02925 0.03966666666666666
0 0.33725 0.35133333333333333 0.037 0.04466666666666667
0 0.384375 0.3545 0.03975 0.051
0 0.18675 0.5326666666666666 0.0225 0.036
0 0.28675 0.509 0.0265 0.029333333333333333
0 0.26787500000000003 0.542 0.043250000000000004 0.03666666666666667
0 0.272875 0.431 0.021750000000000002 0.03
0 0.25575000000000003 0.45166666666666666 0.027 0.03666666666666667
0 0.29475 0.8938333333333333 0.0415 0.041666666666666664
0 0.304875 0.8348333333333333 0.03475 0.04033333333333333
0 0.337625 0.7038333333333333 0.03125 0.042333333333333334
0 0.46337500000000004 0.7173333333333333 0.03175 0.043333333333333335
0 0.559125 0.8401666666666666 0.02425 0.026333333333333334
0 0.627875 0.7901666666666667 0.04025 0.05566666666666666
0 0.658875 0.7615 0.03975 0.04633333333333333
0 0.693125 0.584 0.043750000000000004 0.054
0 0.7196250000000001 0.5305 0.043250000000000004 0.06233333333333333
0 0.7255 0.5683333333333334 0.0375 0.03666666666666667
0 0.740625 0.5898333333333333 0.01675 0.023
0 0.7445 0.6221666666666666 0.013000000000000001 0.026333333333333334
0 0.7505000000000001 0.6154999999999999 0.026000000000000002 0.027
0 0.7771250000000001 0.6496666666666666 0.02075 0.026
0 0.75575 0.6471666666666667 0.022 0.020999999999999998
0 0.77775 0.6928333333333333 0.0245 0.023
0 0.76275 0.71 0.0225 0.033999999999999996
0 0.47450000000000003 0.5256666666666666 0.027 0.03333333333333333
0 0.48 0.5096666666666666 0.0225 0.03733333333333333
0 0.49825 0.5058333333333334 0.0245 0.041
0 0.5285 0.5221666666666667 0.0245 0.028999999999999998
0 0.498125 0.6124999999999999 0.01825 0.026333333333333334
0 0.14225000000000002 0.6466666666666666 0.027 0.03333333333333333
0 0.182625 0.6204999999999999 0.02675 0.025666666666666667
0 0.228625 0.5561666666666667 0.035250000000000004 0.03166666666666666
0 0.88325 0.612 0.0375 0.04933333333333333
0 0.768 0.5483333333333333 0.025500000000000002 0.03133333333333333
0 0.754375 0.5115 0.01925 0.028333333333333332
0 0.631 0.4053333333333333 0.0195 0.033999999999999996
0 0.509875 0.366 0.02925 0.03333333333333333
0 0.500125 0.4363333333333333 0.01575 0.02333333333333333
0 0.014 0.5651666666666666 0.0275 0.04033333333333333
0 0.00675 0.49866666666666665 0.0125 0.022
0 0.02075 0.499 0.0145 0.026666666666666665
0 0.599625 0.5026666666666666 0.03325 0.03866666666666667
0 0.56875 0.5063333333333333 0.0225 0.030666666666666665
0 0.676625 0.7028333333333333 0.04075 0.045
0 0.982 0.6556666666666666 0.021500000000000002 0.024666666666666667
0 0.9725 0.6719999999999999 0.0245 0.025333333333333333
0 0.9895 0.7065 0.021 0.028999999999999998
0 0.91325 0.6523333333333333 0.0185 0.024
0 0.9135 0.6801666666666667 0.0155 0.018333333333333333
0 0.9385 0.6621666666666667 0.0105 0.016999999999999998
0 0.940625 0.6795 0.01675 0.01633333333333333
0 0.920875 0.6094999999999999 0.01925 0.023666666666666666
0 0.905875 0.5286666666666666 0.029750000000000002 0.033999999999999996
0 0.8113750000000001 0.5408333333333333 0.02425 0.023666666666666666
0 0.8456250000000001 0.5775 0.02225 0.020999999999999998
0 0.788 0.573 0.0135 0.016666666666666666
0 0.925625 0.4933333333333333 0.02325 0.03333333333333333
0 0.8875000000000001 0.4736666666666666 0.033 0.03333333333333333
0 0.97 0.48866666666666664 0.023 0.02733333333333333
0 0.947375 0.4395 0.02375 0.029666666666666664
0 0.91325 0.4415 0.023 0.031
0 0.937 0.36983333333333335 0.027 0.028999999999999998
0 0.8175 0.48866666666666664 0.024 0.028
0 0.356375 0.5315 0.02025 0.023666666666666666
0 0.362375 0.4775 0.02275 0.024999999999999998
0 0.3315 0.4726666666666666 0.019 0.024
0 0.48075 0.6736666666666666 0.0145 0.020666666666666667
0 0.6880000000000001 0.2115 0.0185 0.021666666666666667
