0 0.224625 0.5519999999999999 0.03825 0.06066666666666667
0 0.28825 0.5468333333333333 0.0405 0.06233333333333333
0 0.232375 0.4046666666666667 0.04125 0.06133333333333333
0 0.25225000000000003 0.43016666666666664 0.0405 0.06233333333333333
0 0.08975 0.5285 0.05 0.048999999999999995
0 0.11837500000000001 0.5865 0.03825 0.041666666666666664
0 0.141375 0.6201666666666666 0.02675 0.03233333333333333
0 0.1605 0.6885 0.035 0.04566666666666667
0 0.203125 0.6286666666666666 0.04675 0.05733333333333333
0 0.251875 0.6358333333333334 0.05075 0.059666666666666666
0 0.33 0.6495 0.04 0.051
0 0.368625 0.6103333333333333 0.04225 0.048
0 0.32975 0.5446666666666666 0.0375 0.049999999999999996
0 0.310375 0.4716666666666667 0.04925 0.06666666666666667
0 0.4 0.5175 0.039 0.06033333333333333
0 0.3015 0.6515 0.011 0.013666666666666666
0 0.07375 0.42016666666666663 0.046 0.051
0 0.444125 0.4076666666666667 0.04775 0.05733333333333333
0 0.437 0.513 0.029 0.042666666666666665
0 0.482 0.5546666666666666 0.039 0.04066666666666666
0 0.513625 0.5905 0.03675 0.05433333333333333
0 0.599125 0.7733333333333333 0.04225 0.048666666666666664
0 0.52175 0.903 0.036000000000000004 0.054
0 0.43975000000000003 0.9299999999999999 0.047 0.052
0 0.7405 0.9071666666666667 0.039 0.04766666666666666
0 0.7585000000000001 0.8941666666666667 0.0375 0.048999999999999995
0 0.7867500000000001 0.78 0.036000000000000004 0.049999999999999996
0 0.65475 0.5936666666666667 0.039 0.06066666666666667
0 0.628875 0.5525 0.04525 0.056999999999999995
0 0.49875 0.4353333333333333 0.043000000000000003 0.054
0 0.605375 0.30816666666666664 0.04675 0.043666666666666666
0 0.562375 0.25916666666666666 0.04225 0.043666666666666666
0 0.55975 0.15666666666666665 0.029 0.04466666666666667
0 0.80975 0.4515 0.029 0.03833333333333333
0 0.8113750000000001 0.4785 0.03825 0.045
0 0.933875 0.4978333333333333 0.05075 0.04766666666666666
0 0.844125 0.5541666666666667 0.04775 0.041666666666666664
0 0.860125 0.5988333333333333 0.04225 0.04766666666666666
0 0.44875 0.7811666666666667 0.029 0.03966666666666666
0 0.67525 0.35033333333333333 0.0305 0.05533333333333333
0 0.142125 0.481 0.05475 0.049999999999999996
0 0.660875 0.45349999999999996 0.04075 0.047
0 0.68825 0.46549999999999997 0.039 0.058333333333333334
0 0.715125 0.44266666666666665 0.035250000000000004 0.052
0 0.676125 0.42333333333333334 0.03825 0.03866666666666667
0 0.94175 0.365 0.0195 0.034666666666666665
0 0.984625 0.6365 0.025750000000000002 0.041666666666666664
0 0.8592500000000001 0.7323333333333333 0.025 0.03333333333333333
0 0.841 0.7424999999999999 0.0275 0.03966666666666666
0 0.825625 0.7515 0.03125 0.036333333333333336
0 0.734375 0.33266666666666667 0.02775 0.041999999999999996
0 0.626375 0.3908333333333333 0.03275 0.039
0 0.716125 0.5788333333333333 0.02825 0.04033333333333333
0 0.73275 0.5571666666666667 0.025 0.047
0 0.791 0.6468333333333333 0.025 0.039
0 0.866375 0.6696666666666666 0.02375 0.03266666666666666
0 0.8220000000000001 0.6781666666666667 0.0205 0.029666666666666664
0 0.810875 0.6461666666666667 0.02125 0.026333333333333334
0 0.90025 0.6383333333333333 0.0235 0.034666666666666665
0 0.927125 0.633 0.02825 0.03933333333333333
0 0.951625 0.6128333333333333 0.01675 0.023
0 0.76675 0.6428333333333333 0.0105 0.027
0 0.64175 0.6708333333333333 0.023 0.03766666666666667
0 0.591125 0.6853333333333333 0.02825 0.032
0 0.44025000000000003 0.5758333333333333 0.03 0.034333333333333334
0 0.39275 0.5933333333333333 0.0145 0.019333333333333334
0 0.42125 0.6191666666666666 0.017 0.024333333333333332
0 0.41300000000000003 0.689 0.027 0.034666666666666665
