0 0.310375 0.14683333333333332 0.02375 0.03166666666666666
0 0.36925 0.16883333333333334 0.022 0.037
0 0.403625 0.18283333333333332 0.02075 0.033
0 0.386625 0.25666666666666665 0.02225 0.02733333333333333
0 0.17875 0.20966666666666667 0.032 0.033999999999999996
0 0.13325 0.26016666666666666 0.0245 0.029666666666666664
0 0.11937500000000001 0.2845 0.021750000000000002 0.03166666666666666
0 0.135125 0.2861666666666667 0.02625 0.024999999999999998
0 0.183375 0.24533333333333332 0.01925 0.026666666666666665
0 0.128125 0.23266666666666666 0.02125 0.02
0 0.218375 0.27749999999999997 0.01825 0.027666666666666666
0 0.1395 0.31816666666666665 0.023 0.023
0 0.12775 0.36716666666666664 0.0195 0.027666666666666666
0 0.1955 0.4026666666666667 0.0265 0.035333333333333335
0 0.1805 0.41883333333333334 0.027 0.029666666666666664
0 0.052875 0.4145 0.01625 0.021666666666666667
0 0.10225000000000001 0.43133333333333335 0.015 0.018666666666666665
0 0.108 0.5028333333333334 0.026000000000000002 0.03966666666666666
0 0.186125 0.5046666666666666 0.02875 0.028666666666666667
0 0.23375 0.5098333333333334 0.0375 0.04833333333333333
0 0.23425 0.5475 0.0345 0.039
0 0.017625000000000002 0.4588333333333333 0.02375 0.029666666666666664
0 0.0125 0.3943333333333333 0.017 0.017333333333333333
0 0.0075 0.48533333333333334 0.0145 0.018
0 0.003 0.4963333333333333 0.0055 0.022
0 0.03375 0.4955 0.029 0.01633333333333333
0 0.03175 0.5303333333333333 0.014 0.020666666666666667
0 0.025625000000000002 0.5501666666666667 0.014750000000000001 0.021666666666666667
0 0.0815 0.5718333333333333 0.028 0.034999999999999996
0 0.094625 0.6094999999999999 0.025750000000000002 0.036333333333333336
0 0.07050000000000001 0.7093333333333333 0.019 0.03
0 0.098875 0.7111666666666666 0.02275 0.026333333333333334
0 0.08687500000000001 0.6955 0.01725 0.020999999999999998
0 0.04875 0.6691666666666667 0.019 0.018333333333333333
0 0.01875 0.6818333333333333 0.0205 0.023
0 0.162125 0.6598333333333333 0.02825 0.026333333333333334
0 0.160625 0.6253333333333333 0.02375 0.03333333333333333
0 0.19062500000000002 0.6428333333333333 0.02875 0.034333333333333334
0 0.2095 0.6153333333333333 0.016 0.02
0 0.1855 0.5713333333333334 0.02 0.02733333333333333
0 0.205625 0.5721666666666666 0.01875 0.017666666666666667
0 0.201875 0.5521666666666667 0.02225 0.026333333333333334
0 0.132375 0.582 0.01675 0.02733333333333333
0 0.11862500000000001 0.5603333333333333 0.02675 0.03266666666666666
0 0.199375 0.47333333333333333 0.02025 0.02333333333333333
0 0.0555 0.39216666666666666 0.0195 0.022333333333333334
0 0.311625 0.48266666666666663 0.02875 0.046
0 0.419125 0.6034999999999999 0.02925 0.036333333333333336
0 0.3235 0.5635 0.0135 0.023666666666666666
0 0.288875 0.5465 0.01125 0.017666666666666667
0 0.38875 0.4968333333333333 0.0155 0.018333333333333333
0 0.384375 0.42866666666666664 0.01525 0.016666666666666666
0 0.3225 0.41133333333333333 0.0155 0.022
0 0.45625 0.4741666666666666 0.0325 0.04833333333333333
0 0.344375 0.30466666666666664 0.01975 0.028666666666666667
0 0.62925 0.259 0.024 0.034666666666666665
0 0.758 0.42066666666666663 0.028 0.04133333333333333
0 0.8095 0.41566666666666663 0.0245 0.032
0 0.7166250000000001 0.4365 0.02775 0.035666666666666666
0 0.65275 0.4488333333333333 0.023 0.024999999999999998
0 0.649625 0.4705 0.02675 0.033666666666666664
0 0.6275000000000001 0.4578333333333333 0.025 0.035666666666666666
0 0.637375 0.5035 0.02225 0.039
0 0.639625 0.6779999999999999 0.02875 0.03666666666666667
0 0.753625 0.6673333333333333 0.02775 0.032
0 0.7661250000000001 0.7196666666666667 0.03175 0.03333333333333333
0 0.560125 0.6103333333333333 0.02925 0.03933333333333333
0 0.527375 0.5536666666666666 0.01675 0.02333333333333333
0 0.47125 0.566 0.0155 0.02
0 0.47150000000000003 0.5401666666666667 0.016 0.018333333333333333
0 0.457125 0.5088333333333334 0.01675 0.021666666666666667
0 0.497 0.4723333333333333 0.016 0.021333333333333333
0 0.484 0.45666666666666667 0.0175 0.021333333333333333
0 0.519 0.4463333333333333 0.023 0.024666666666666667
0 0.49175 0.2796666666666667 0.021500000000000002 0.028666666666666667
0 0.777 0.7008333333333333 0.0265 0.024999999999999998
0 0.9247500000000001 0.6026666666666667 0.035500000000000004 0.04733333333333333
0 0.89125 0.6053333333333333 0.032 0.038
0 0.95175 0.5833333333333333 0.0265 0.02733333333333333
0 0.8512500000000001 0.5941666666666666 0.027 0.034999999999999996
0 0.95475 0.5663333333333334 0.027 0.028
0 0.8315 0.5258333333333333 0.0265 0.036333333333333336
0 0.75175 0.64 0.029500000000000002 0.032
0 0.770375 0.585 0.02925 0.036
0 0.864625 0.5201666666666667 0.02825 0.037
0 0.9540000000000001 0.4671666666666667 0.0165 0.027666666666666666
0 0.83125 0.417 0.0225 0.03133333333333333
0 0.8628750000000001 0.4225 0.02325 0.029666666666666664
0 0.6793750000000001 0.5201666666666667 0.017750000000000002 0.028333333333333332
0 0.5906250000000001 0.5386666666666666 0.014750000000000001 0.017333333333333333
0 0.51375 0.534 0.0165 0.022
0 0.618625 0.5713333333333334 0.03375 0.030666666666666665
0 0.672875 0.6093333333333333 0.02925 0.036
0 0.935875 0.45816666666666667 0.01875 0.03766666666666667
0 0.923625 0.44966666666666666 0.01575 0.028666666666666667
0 0.884375 0.437 0.01825 0.026666666666666665
0 0.678125 0.2891666666666667 0.01925 0.019
0 0.649625 0.3443333333333333 0.02725 0.032
0 0.867375 0.5618333333333333 0.01525 0.018333333333333333
