0 0.11825000000000001 0.39666666666666667 0.025500000000000002 0.026
0 0.133375 0.4103333333333333 0.02225 0.026666666666666665
0 0.008125 0.4091666666666667 0.01575 0.023
0 0.0075 0.689 0.014 0.026666666666666665
0 0.02025 0.6766666666666666 0.0205 0.022666666666666665
0 0.03175 0.6918333333333333 0.02 0.028333333333333332
0 0.083125 0.5225 0.02725 0.028999999999999998
0 0.106625 0.5351666666666667 0.02225 0.028999999999999998
0 0.15975 0.5408333333333333 0.026000000000000002 0.037
0 0.135875 0.4648333333333333 0.02725 0.03166666666666666
0 0.11750000000000001 0.44766666666666666 0.0185 0.026
0 0.104125 0.6978333333333333 0.02825 0.043
0 0.111125 0.7366666666666667 0.03325 0.028666666666666667
0 0.13 0.7585 0.031 0.04566666666666667
0 0.12725 0.8066666666666666 0.0265 0.026666666666666665
0 0.076375 0.8015 0.03175 0.029666666666666664
0 0.1015 0.8055 0.025 0.028999999999999998
0 0.0575 0.8178333333333333 0.029500000000000002 0.035666666666666666
0 0.124125 0.8236666666666667 0.02825 0.028
0 0.259125 0.7651666666666667 0.01825 0.031
0 0.263875 0.7228333333333333 0.02125 0.029666666666666664
0 0.25525000000000003 0.6846666666666666 0.0315 0.04666666666666666
0 0.22 0.6639999999999999 0.031 0.034666666666666665
0 0.15425 0.6978333333333333 0.0305 0.035666666666666666
0 0.1275 0.689 0.0285 0.04
0 0.08525 0.7088333333333333 0.0205 0.022333333333333334
0 0.081375 0.7358333333333333 0.02275 0.028999999999999998
0 0.18675 0.6646666666666666 0.0245 0.03333333333333333
0 0.19775 0.6275 0.04 0.037
0 0.227 0.5855 0.026000000000000002 0.030333333333333334
0 0.245625 0.6011666666666666 0.02675 0.036333333333333336
0 0.29325 0.57 0.03 0.036
0 0.28250000000000003 0.6856666666666666 0.035 0.04666666666666666
0 0.294 0.7173333333333333 0.03 0.034666666666666665
0 0.326125 0.7304999999999999 0.03325 0.043
0 0.309125 0.5241666666666667 0.03175 0.042333333333333334
0 0.278625 0.5305 0.02925 0.037
0 0.2475 0.5251666666666667 0.0305 0.041666666666666664
0 0.21925 0.5218333333333334 0.025 0.03166666666666666
0 0.286375 0.39566666666666667 0.02725 0.033999999999999996
0 0.403625 0.5608333333333333 0.03375 0.043
0 0.43325 0.5748333333333333 0.0345 0.05633333333333333
0 0.458 0.5459999999999999 0.0305 0.046
0 0.482625 0.5678333333333333 0.03125 0.051
0 0.5125 0.5443333333333333 0.033 0.04733333333333333
0 0.48375 0.4938333333333333 0.034 0.051
0 0.533875 0.4666666666666667 0.043250000000000004 0.05333333333333333
0 0.473625 0.5145 0.02925 0.036333333333333336
0 0.354125 0.597 0.02825 0.04
0 0.386875 0.587 0.02825 0.051333333333333335
0 0.34500000000000003 0.6421666666666667 0.0265 0.050333333333333334
0 0.398 0.8111666666666666 0.026000000000000002 0.057666666666666665
0 0.486375 0.6781666666666667 0.03175 0.043666666666666666
0 0.37525000000000003 0.433 0.036000000000000004 0.04666666666666666
0 0.460625 0.3773333333333333 0.02775 0.034666666666666665
0 0.57025 0.4041666666666667 0.035 0.051
0 0.595625 0.51 0.03675 0.051333333333333335
0 0.6775 0.48916666666666664 0.0305 0.043666666666666666
0 0.61725 0.6244999999999999 0.035500000000000004 0.048999999999999995
0 0.66525 0.6485 0.036000000000000004 0.04833333333333333
0 0.5377500000000001 0.6603333333333333 0.0335 0.03933333333333333
0 0.492 0.6348333333333334 0.0405 0.03833333333333333
0 0.561375 0.7528333333333334 0.04075 0.049666666666666665
0 0.606125 0.723 0.02675 0.04
0 0.426 0.35483333333333333 0.025 0.031
0 0.726625 0.33599999999999997 0.03275 0.030666666666666665
0 0.744 0.3125 0.0315 0.029666666666666664
0 0.789875 0.3333333333333333 0.02925 0.03266666666666666
0 0.847125 0.5035 0.02725 0.039
0 0.75025 0.5396666666666666 0.035500000000000004 0.043333333333333335
0 0.902875 0.7541666666666667 0.02225 0.029666666666666664
0 0.957875 0.7038333333333333 0.01925 0.024999999999999998
0 0.972125 0.6703333333333333 0.01875 0.03
0 0.94875 0.6495 0.0245 0.028999999999999998
0 0.93625 0.6673333333333333 0.025 0.02733333333333333
0 0.901375 0.6795 0.02425 0.028999999999999998
0 0.909625 0.6034999999999999 0.01825 0.028999999999999998
0 0.908375 0.5465 0.02925 0.03166666666666666
0 0.6990000000000001 0.8966666666666666 0.03 0.04933333333333333
0 0.725375 0.9135 0.02775 0.041
0 0.794875 0.6151666666666666 0.021750000000000002 0.028999999999999998
0 0.8456250000000001 0.46799999999999997 0.02425 0.03133333333333333
0 0.86875 0.3813333333333333 0.0315 0.04466666666666667
0 0.874125 0.33799999999999997 0.03275 0.041999999999999996
0 0.83075 0.33716666666666667 0.031 0.033
0 0.657125 0.583 0.01925 0.025333333333333333
0 0.386625 0.7253333333333333 0.03075 0.03666666666666667
0 0.39575 0.6725 0.0175 0.02033333333333333
0 0.08762500000000001 0.572 0.03025 0.036
0 0.394 0.36766666666666664 0.025 0.036
0 0.8705 0.6956666666666667 0.0165 0.02733333333333333
0 0.88075 0.6986666666666667 0.0165 0.02333333333333333
0 0.914375 0.6448333333333333 0.02775 0.033
0 0.891375 0.653 0.02475 0.034666666666666665
0 0.71275 0.4528333333333333 0.0285 0.04566666666666667
0 0.742375 0.4105 0.03875 0.049666666666666665
0 0.811875 0.27449999999999997 0.03825 0.04433333333333333
0 0.255375 0.49083333333333334 0.02925 0.03766666666666667
0 0.029375000000000002 0.48583333333333334 0.014750000000000001 0.019
