0 0.111625 0.5196666666666666 0.02025 0.03133333333333333
0 0.137125 0.5196666666666666 0.025750000000000002 0.03133333333333333
0 0.019875 0.5223333333333333 0.01975 0.026
0 0.083125 0.46499999999999997 0.02125 0.022
0 0.035500000000000004 0.5706666666666667 0.028 0.025333333333333333
0 0.025 0.6448333333333333 0.013000000000000001 0.015
0 0.036625 0.6338333333333334 0.01125 0.015
0 0.047875 0.643 0.010750000000000001 0.016
0 0.06625 0.6548333333333333 0.0125 0.014333333333333333
0 0.033625 0.6648333333333333 0.014750000000000001 0.010333333333333333
0 0.096125 0.7243333333333333 0.01825 0.016666666666666666
0 0.105125 0.7508333333333334 0.01725 0.017666666666666667
0 0.19012500000000002 0.49083333333333334 0.02325 0.03233333333333333
0 0.169125 0.5968333333333333 0.02275 0.033666666666666664
0 0.09475 0.5756666666666667 0.025 0.024666666666666667
0 0.189 0.6385 0.0305 0.029666666666666664
0 0.22175 0.5753333333333334 0.0245 0.025333333333333333
0 0.216625 0.6326666666666666 0.02275 0.03333333333333333
0 0.217625 0.727 0.02675 0.028666666666666667
0 0.23600000000000002 0.717 0.016 0.026
0 0.21275 0.75 0.034 0.022
0 0.175375 0.8083333333333333 0.02325 0.024666666666666667
0 0.20275 0.8245 0.0245 0.027
0 0.18987500000000002 0.844 0.02725 0.021333333333333333
0 0.12975 0.8313333333333333 0.019 0.03266666666666666
0 0.1325 0.7873333333333333 0.025500000000000002 0.022
0 0.15712500000000001 0.7881666666666667 0.02375 0.027
0 0.1885 0.7383333333333333 0.032 0.042666666666666665
0 0.013625 0.8103333333333333 0.01175 0.029333333333333333
0 0.223 0.2583333333333333 0.021 0.03133333333333333
0 0.2405 0.25083333333333335 0.014 0.023
0 0.229625 0.22583333333333333 0.02025 0.027
0 0.32575 0.22133333333333333 0.022 0.022
0 0.16325 0.3545 0.0235 0.030333333333333334
0 0.21875 0.39316666666666666 0.022 0.028333333333333332
0 0.23975000000000002 0.39516666666666667 0.0125 0.017666666666666667
0 0.229625 0.428 0.01875 0.02733333333333333
0 0.2725 0.43466666666666665 0.025 0.026
0 0.3215 0.428 0.021 0.02733333333333333
0 0.342875 0.427 0.01575 0.029333333333333333
0 0.31675000000000003 0.32866666666666666 0.0145 0.016
0 0.326625 0.317 0.01575 0.021333333333333333
0 0.44375000000000003 0.3295 0.024 0.025666666666666667
0 0.446875 0.363 0.01675 0.017333333333333333
0 0.37375 0.3378333333333333 0.0245 0.024333333333333332
0 0.402375 0.3723333333333333 0.01825 0.019333333333333334
0 0.45075 0.4323333333333333 0.0285 0.03266666666666666
0 0.509375 0.42733333333333334 0.02625 0.033999999999999996
0 0.629375 0.4135 0.03075 0.03833333333333333
0 0.7020000000000001 0.3163333333333333 0.026000000000000002 0.028666666666666667
0 0.78075 0.35233333333333333 0.023 0.035333333333333335
0 0.7945 0.3455 0.021500000000000002 0.037
0 0.264875 0.6368333333333334 0.01825 0.03166666666666666
0 0.298 0.625 0.026000000000000002 0.032
0 0.275 0.6645 0.027 0.026333333333333334
0 0.291875 0.6566666666666666 0.01725 0.02
0 0.276625 0.642 0.01575 0.021333333333333333
0 0.26525 0.5638333333333333 0.0245 0.024999999999999998
0 0.30025 0.5676666666666667 0.016 0.02
0 0.307 0.5131666666666667 0.0265 0.019666666666666666
0 0.34375 0.5211666666666667 0.02 0.023
0 0.365 0.5141666666666667 0.026000000000000002 0.027
0 0.42312500000000003 0.5579999999999999 0.02775 0.03133333333333333
0 0.395125 0.6486666666666666 0.03175 0.030666666666666665
0 0.436125 0.691 0.02875 0.032
0 0.42262500000000003 0.7378333333333333 0.02225 0.027
0 0.45675 0.7173333333333333 0.028 0.028
0 0.31075 0.8086666666666666 0.025 0.028666666666666667
0 0.296125 0.7448333333333333 0.01975 0.021666666666666667
0 0.311625 0.734 0.01975 0.025333333333333333
0 0.331 0.7261666666666666 0.025 0.027
0 0.3735 0.7146666666666667 0.027 0.028
0 0.469875 0.7515 0.02325 0.027
0 0.494375 0.7264999999999999 0.02425 0.035666666666666666
0 0.47550000000000003 0.7261666666666666 0.025 0.025666666666666667
0 0.567375 0.7198333333333333 0.02875 0.036333333333333336
0 0.463 0.8119999999999999 0.031 0.03333333333333333
0 0.47000000000000003 0.8444999999999999 0.0375 0.030333333333333334
0 0.45837500000000003 0.8891666666666667 0.029750000000000002 0.050333333333333334
0 0.43275 0.9023333333333333 0.031 0.03333333333333333
0 0.37475 0.9075 0.028 0.039
0 0.33775 0.8793333333333333 0.025500000000000002 0.034666666666666665
0 0.310625 0.9388333333333333 0.02625 0.048999999999999995
0 0.338 0.9189999999999999 0.031 0.03666666666666667
0 0.353625 0.9431666666666666 0.017750000000000002 0.026333333333333334
0 0.428875 0.9701666666666666 0.02325 0.043666666666666666
0 0.375875 0.9563333333333333 0.04225 0.04133333333333333
0 0.45387500000000003 0.5361666666666667 0.02425 0.04033333333333333
0 0.49975 0.5416666666666666 0.0305 0.043333333333333335
0 0.51525 0.49366666666666664 0.028 0.028666666666666667
0 0.567375 0.5575 0.029750000000000002 0.035666666666666666
0 0.58225 0.5091666666666667 0.025 0.027666666666666666
0 0.5935 0.48533333333333334 0.0275 0.024666666666666667
0 0.5765 0.46266666666666667 0.016 0.025333333333333333
0 0.687875 0.36983333333333335 0.02325 0.030333333333333334
0 0.7185 0.37016666666666664 0.025 0.026333333333333334
0 0.67475 0.391 0.016 0.029333333333333333
0 0.842875 0.2865 0.02125 0.023666666666666666
0 0.6461250000000001 0.6738333333333333 0.02775 0.03833333333333333
0 0.656 0.6988333333333333 0.031 0.031
0 0.5875 0.6916666666666667 0.032 0.04533333333333333
0 0.546125 0.7881666666666667 0.025750000000000002 0.030333333333333334
0 0.595875 0.8119999999999999 0.02025 0.03333333333333333
0 0.6158750000000001 0.8215 0.02675 0.030333333333333334
0 0.6168750000000001 0.85 0.02675 0.03333333333333333
0 0.633 0.8833333333333333 0.0245 0.024
0 0.6491250000000001 0.9058333333333333 0.02325 0.023
0 0.674125 0.858 0.02925 0.028666666666666667
0 0.38075000000000003 0.6204999999999999 0.0185 0.019
0 0.36562500000000003 0.6018333333333333 0.02125 0.021666666666666667
0 0.387875 0.5993333333333333 0.01925 0.018666666666666665
0 0.371625 0.5565 0.021750000000000002 0.020999999999999998
0 0.308 0.5991666666666666 0.0205 0.01633333333333333
0 0.715 0.5133333333333333 0.0265 0.028666666666666667
0 0.714375 0.5996666666666667 0.02875 0.03
0 0.75225 0.6515 0.012 0.02033333333333333
0 0.754125 0.6333333333333333 0.01725 0.018666666666666665
0 0.77775 0.6631666666666667 0.018000000000000002 0.025666666666666667
0 0.823625 0.6218333333333333 0.02275 0.03166666666666666
0 0.851875 0.6415 0.02825 0.028333333333333332
0 0.851 0.6613333333333333 0.032 0.015333333333333332
0 0.8502500000000001 0.6749999999999999 0.026000000000000002 0.02333333333333333
0 0.87025 0.705 0.0325 0.030666666666666665
0 0.862 0.7256666666666667 0.02 0.02
0 0.924 0.6908333333333333 0.021 0.022333333333333334
0 0.8965 0.6295 0.023 0.023666666666666666
0 0.917 0.618 0.0195 0.019333333333333334
0 0.897375 0.6074999999999999 0.02325 0.02033333333333333
0 0.689375 0.6843333333333333 0.02675 0.028666666666666667
0 0.9450000000000001 0.6396666666666666 0.0225 0.025333333333333333
0 0.982125 0.6186666666666667 0.02875 0.028666666666666667
0 0.982625 0.6685 0.00825 0.019666666666666666
0 0.939625 0.6699999999999999 0.01125 0.018666666666666665
0 0.972125 0.6669999999999999 0.01425 0.018
0 0.92025 0.5708333333333333 0.024 0.029666666666666664
0 0.9595 0.603 0.015 0.020666666666666667
0 0.934125 0.5896666666666667 0.01425 0.02
0 0.752625 0.47 0.01975 0.02733333333333333
0 0.715125 0.45799999999999996 0.02125 0.021333333333333333
0 0.67225 0.6123333333333333 0.007 0.015333333333333332
0 0.756625 0.3368333333333333 0.00975 0.010333333333333333
0 0.731375 0.25516666666666665 0.014750000000000001 0.013
0 0.648625 0.35883333333333334 0.01325 0.01633333333333333
0 0.765875 0.8315 0.02325 0.023
0 0.761875 0.8566666666666667 0.03325 0.024666666666666667
0 0.00925 0.6385 0.013000000000000001 0.019
0 0.8915000000000001 0.5415 0.015 0.019
0 0.841375 0.5601666666666667 0.017750000000000002 0.023
0 0.231 0.48566666666666664 0.025500000000000002 0.019333333333333334
0 0.37325 0.42933333333333334 0.0115 0.016
0 0.360375 0.46066666666666667 0.01375 0.015333333333333332
0 0.835375 0.38416666666666666 0.01675 0.016999999999999998
0 0.812125 0.41883333333333334 0.01425 0.012333333333333333
0 0.82475 0.408 0.012 0.016
0 0.646 0.2935 0.0085 0.009666666666666667
0 0.560875 0.4033333333333333 0.012750000000000001 0.012666666666666666
