0 0.056625 0.4275 0.012750000000000001 0.02033333333333333
0 0.0175 0.474 0.018000000000000002 0.018
0 0.10250000000000001 0.5106666666666666 0.0205 0.02733333333333333
0 0.064375 0.6355 0.02075 0.028333333333333332
0 0.025 0.6741666666666667 0.017 0.024333333333333332
0 0.0275 0.7288333333333333 0.026000000000000002 0.026333333333333334
0 0.0605 0.706 0.0165 0.022666666666666665
0 0.0815 0.7133333333333333 0.0275 0.032
0 0.091625 0.749 0.01625 0.021333333333333333
0 0.13725 0.6941666666666666 0.0235 0.028999999999999998
0 0.148875 0.6701666666666667 0.035250000000000004 0.034333333333333334
0 0.161125 0.7423333333333333 0.01675 0.021333333333333333
0 0.12687500000000002 0.6456666666666666 0.025750000000000002 0.026
0 0.091875 0.6458333333333333 0.02275 0.024999999999999998
0 0.079875 0.6555 0.01625 0.023666666666666666
0 0.115 0.6568333333333333 0.016 0.019666666666666666
0 0.16675 0.6281666666666667 0.031 0.03766666666666667
0 0.227 0.7433333333333333 0.028 0.03733333333333333
0 0.202375 0.7045 0.02125 0.027666666666666666
0 0.232875 0.6845 0.021750000000000002 0.031
0 0.25475000000000003 0.6869999999999999 0.021500000000000002 0.03133333333333333
0 0.3185 0.7636666666666666 0.035 0.048666666666666664
0 0.300875 0.7905 0.02925 0.04433333333333333
0 0.342 0.7133333333333333 0.028 0.03733333333333333
0 0.369625 0.6463333333333333 0.02825 0.049999999999999996
0 0.30012500000000003 0.7105 0.02625 0.027
0 0.141375 0.5451666666666667 0.03325 0.037
0 0.16675 0.5 0.039 0.03866666666666667
0 0.233125 0.487 0.02325 0.03133333333333333
0 0.21925 0.44116666666666665 0.018000000000000002 0.029666666666666664
0 0.26575 0.237 0.0245 0.029333333333333333
0 0.36462500000000003 0.42416666666666664 0.01975 0.030333333333333334
0 0.34575 0.42333333333333334 0.0195 0.02333333333333333
0 0.3235 0.49183333333333334 0.0275 0.034333333333333334
0 0.27675 0.7941666666666667 0.026000000000000002 0.035666666666666666
0 0.257 0.5568333333333333 0.022 0.031
0 0.2765 0.5711666666666666 0.021500000000000002 0.034999999999999996
0 0.3735 0.586 0.0235 0.03266666666666666
0 0.418625 0.5826666666666667 0.02225 0.028
0 0.441375 0.5691666666666666 0.02625 0.033666666666666664
0 0.32425 0.612 0.0265 0.030666666666666665
0 0.49375 0.6665 0.0245 0.028999999999999998
0 0.5181250000000001 0.6578333333333333 0.02425 0.024333333333333332
0 0.48975 0.7281666666666666 0.029 0.03233333333333333
0 0.52325 0.7815 0.0225 0.034333333333333334
0 0.50125 0.7988333333333333 0.0285 0.033666666666666664
0 0.497875 0.7738333333333333 0.02425 0.024333333333333332
0 0.563125 0.9068333333333333 0.02925 0.04033333333333333
0 0.577875 0.8441666666666666 0.02425 0.031
0 0.5865 0.9331666666666666 0.031 0.041
0 0.607625 0.9586666666666667 0.02325 0.034666666666666665
0 0.661625 0.8671666666666666 0.02325 0.034333333333333334
0 0.6805 0.9576666666666667 0.025 0.03866666666666667
0 0.678875 0.9375 0.02275 0.028333333333333332
0 0.698375 0.9341666666666666 0.02675 0.04433333333333333
0 0.713125 0.8866666666666666 0.02875 0.035333333333333335
0 0.781 0.9116666666666666 0.025 0.04
0 0.8035 0.9056666666666666 0.03 0.04133333333333333
0 0.812 0.9381666666666666 0.0305 0.037
0 0.821125 0.8883333333333333 0.021750000000000002 0.03
0 0.8320000000000001 0.8596666666666667 0.0275 0.03266666666666666
0 0.8575 0.8303333333333333 0.029 0.03333333333333333
0 0.884125 0.8288333333333333 0.03025 0.03833333333333333
0 0.8300000000000001 0.8178333333333333 0.0235 0.034333333333333334
0 0.800125 0.8183333333333334 0.02475 0.028666666666666667
0 0.8025 0.7849999999999999 0.0235 0.032
0 0.759125 0.7686666666666666 0.029750000000000002 0.03733333333333333
0 0.8356250000000001 0.7141666666666666 0.02525 0.03166666666666666
0 0.8525 0.7106666666666667 0.0245 0.03866666666666667
0 0.781375 0.7123333333333333 0.02875 0.03133333333333333
0 0.689125 0.7283333333333333 0.02775 0.032
0 0.6655 0.6868333333333333 0.0225 0.03166666666666666
0 0.64525 0.6719999999999999 0.021 0.028666666666666667
0 0.66925 0.6585 0.0235 0.030333333333333334
0 0.581375 0.7841666666666667 0.02875 0.035666666666666666
0 0.5055000000000001 0.32616666666666666 0.0145 0.023
0 0.628875 0.439 0.017750000000000002 0.02733333333333333
0 0.656125 0.4348333333333333 0.017750000000000002 0.028333333333333332
0 0.554125 0.6015 0.02275 0.031
0 0.645875 0.6051666666666666 0.021750000000000002 0.023666666666666666
0 0.692875 0.5626666666666666 0.02775 0.034666666666666665
0 0.8975 0.6425 0.025 0.030333333333333334
0 0.918375 0.6433333333333333 0.02325 0.028666666666666667
0 0.903625 0.6621666666666667 0.02275 0.025666666666666667
0 0.94475 0.6348333333333334 0.015 0.023
0 0.9590000000000001 0.636 0.023 0.038
0 0.865625 0.619 0.02075 0.030666666666666665
0 0.885125 0.6194999999999999 0.02625 0.024999999999999998
0 0.828125 0.6933333333333334 0.02225 0.03333333333333333
0 0.858875 0.778 0.02775 0.038
0 0.62525 0.6411666666666667 0.025 0.027
0 0.6105 0.6698333333333333 0.0245 0.031
0 0.55825 0.6556666666666666 0.021 0.028
0 0.527375 0.7143333333333333 0.03125 0.03733333333333333
0 0.652625 0.5363333333333333 0.02275 0.025333333333333333
0 0.405 0.628 0.03 0.035333333333333335
0 0.464375 0.729 0.01875 0.028
0 0.2475 0.8931666666666667 0.039 0.04566666666666667
0 0.3915 0.5051666666666667 0.02 0.023666666666666666
0 0.368625 0.5308333333333333 0.025750000000000002 0.03166666666666666
0 0.444375 0.5413333333333333 0.02425 0.03133333333333333
0 0.69025 0.649 0.022 0.03
0 0.776625 0.6945 0.03075 0.027666666666666666
0 0.656625 0.4046666666666667 0.017750000000000002 0.019333333333333334
0 0.65 0.3853333333333333 0.021500000000000002 0.022
0 0.72075 0.8206666666666667 0.024 0.03266666666666666
0 0.848875 0.5718333333333333 0.03025 0.029666666666666664
0 0.372125 0.4365 0.01625 0.021666666666666667
