0 0.012750000000000001 0.6836666666666666 0.0245 0.03266666666666666
0 0.03325 0.7785 0.022 0.023666666666666666
0 0.075375 0.7606666666666666 0.021750000000000002 0.03333333333333333
0 0.0485 0.7631666666666667 0.0165 0.023
0 0.059750000000000004 0.7516666666666666 0.0185 0.022666666666666665
0 0.123375 0.6978333333333333 0.025750000000000002 0.024999999999999998
0 0.06325 0.6736666666666666 0.0225 0.029333333333333333
0 0.10200000000000001 0.763 0.0155 0.03
0 0.146125 0.6426666666666666 0.02325 0.02733333333333333
0 0.090125 0.6573333333333333 0.02125 0.025333333333333333
0 0.15625 0.5483333333333333 0.0335 0.035333333333333335
0 0.2335 0.5966666666666667 0.0305 0.03866666666666667
0 0.230625 0.6258333333333334 0.02275 0.025666666666666667
0 0.226625 0.6431666666666667 0.00975 0.015666666666666666
0 0.23650000000000002 0.6443333333333333 0.0125 0.013333333333333332
0 0.31125 0.6859999999999999 0.0275 0.035333333333333335
0 0.235875 0.516 0.02725 0.030666666666666665
0 0.18325 0.5103333333333333 0.025500000000000002 0.028
0 0.140125 0.5048333333333334 0.02075 0.027666666666666666
0 0.101 0.4795 0.0285 0.035666666666666666
0 0.312875 0.2823333333333333 0.021750000000000002 0.03133333333333333
0 0.33487500000000003 0.29283333333333333 0.02075 0.029666666666666664
0 0.34475 0.3215 0.021 0.025666666666666667
0 0.3605 0.3128333333333333 0.024 0.027
0 0.30275 0.36533333333333334 0.0145 0.020666666666666667
0 0.323375 0.36533333333333334 0.02025 0.020666666666666667
0 0.18725 0.6646666666666666 0.012 0.018666666666666665
0 0.20525000000000002 0.6585 0.015 0.017666666666666667
0 0.21375 0.6738333333333333 0.016 0.015
0 0.31925000000000003 0.7628333333333334 0.029 0.035666666666666666
0 0.2925 0.7661666666666667 0.025500000000000002 0.031
0 0.32825 0.7873333333333333 0.0195 0.018666666666666665
0 0.500625 0.876 0.03125 0.04133333333333333
0 0.523375 0.8673333333333333 0.02675 0.036
0 0.544875 0.8604999999999999 0.03025 0.033666666666666664
0 0.567375 0.8433333333333333 0.01925 0.025333333333333333
0 0.585875 0.8373333333333333 0.025750000000000002 0.033999999999999996
0 0.62075 0.879 0.024 0.034666666666666665
0 0.64775 0.8708333333333333 0.032 0.04566666666666667
0 0.6715 0.7426666666666667 0.0225 0.033999999999999996
0 0.55175 0.6851666666666666 0.0245 0.034999999999999996
0 0.32975 0.739 0.023 0.033999999999999996
0 0.353625 0.7368333333333333 0.03075 0.033
0 0.34 0.6838333333333333 0.033 0.034333333333333334
0 0.342125 0.7126666666666667 0.02225 0.02
0 0.3925 0.688 0.027 0.03266666666666666
0 0.380625 0.5805 0.02775 0.043666666666666666
0 0.324625 0.5946666666666667 0.03075 0.03333333333333333
0 0.41225 0.5503333333333333 0.029500000000000002 0.030666666666666665
0 0.425375 0.6721666666666667 0.025750000000000002 0.03766666666666667
0 0.833125 0.839 0.03475 0.04133333333333333
0 0.6855 0.7083333333333333 0.0225 0.028666666666666667
0 0.6965 0.6779999999999999 0.029 0.030666666666666665
0 0.65425 0.6808333333333333 0.024 0.034999999999999996
0 0.6305000000000001 0.6106666666666667 0.025500000000000002 0.024666666666666667
0 0.33187500000000003 0.4438333333333333 0.02125 0.020999999999999998
0 0.3425 0.49216666666666664 0.0235 0.026333333333333334
0 0.44825 0.47 0.02 0.028666666666666667
0 0.432875 0.5248333333333333 0.02125 0.021666666666666667
0 0.549 0.5518333333333333 0.0285 0.037
0 0.584125 0.6951666666666666 0.02225 0.031
0 0.530625 0.7 0.02925 0.036
0 0.81025 0.7294999999999999 0.0345 0.04033333333333333
0 0.840875 0.752 0.02525 0.032
0 0.8602500000000001 0.8285 0.0315 0.036333333333333336
0 0.890375 0.828 0.03475 0.03266666666666666
0 0.905875 0.847 0.03275 0.03266666666666666
0 0.921125 0.8048333333333333 0.02675 0.033666666666666664
0 0.84 0.7058333333333333 0.027 0.035666666666666666
0 0.784875 0.7096666666666667 0.03225 0.036
0 0.871 0.7103333333333333 0.033 0.041999999999999996
0 0.8825000000000001 0.7063333333333333 0.025500000000000002 0.041999999999999996
0 0.847125 0.7911666666666667 0.02525 0.03233333333333333
0 0.883625 0.7883333333333333 0.02925 0.03333333333333333
0 0.75625 0.6706666666666666 0.021500000000000002 0.033999999999999996
0 0.8375 0.6759999999999999 0.0235 0.026
0 0.85575 0.6483333333333333 0.0335 0.032
0 0.89 0.6716666666666666 0.032 0.03933333333333333
0 0.7847500000000001 0.6366666666666666 0.0285 0.030666666666666665
0 0.81775 0.5966666666666667 0.0285 0.034666666666666665
0 0.774625 0.5933333333333333 0.029750000000000002 0.034666666666666665
0 0.715125 0.6016666666666667 0.02325 0.028
0 0.733 0.6415 0.0155 0.020999999999999998
0 0.746 0.6248333333333334 0.0165 0.023666666666666666
0 0.975 0.5355 0.03 0.03833333333333333
0 0.99225 0.5439999999999999 0.0155 0.03733333333333333
0 0.919125 0.5878333333333333 0.01925 0.028333333333333332
0 0.906875 0.5583333333333333 0.02425 0.029333333333333333
0 0.8835000000000001 0.5489999999999999 0.0245 0.04133333333333333
0 0.877625 0.5075 0.03325 0.045
0 0.93125 0.42916666666666664 0.0325 0.036333333333333336
0 0.47400000000000003 0.3481666666666667 0.0165 0.018333333333333333
0 0.3535 0.46199999999999997 0.018000000000000002 0.019333333333333334
0 0.291875 0.6786666666666666 0.01575 0.024
0 0.092375 0.5628333333333333 0.029750000000000002 0.03766666666666667
0 0.448625 0.6958333333333333 0.02075 0.027666666666666666
0 0.39925 0.7336666666666667 0.0285 0.029333333333333333
0 0.433625 0.7698333333333333 0.02425 0.03233333333333333
0 0.45687500000000003 0.3465 0.01625 0.023
0 0.4 0.40249999999999997 0.0185 0.02033333333333333
0 0.44075000000000003 0.3501666666666667 0.0125 0.015
0 0.411125 0.36666666666666664 0.00975 0.019333333333333334
0 0.512875 0.4131666666666666 0.01225 0.019666666666666666
0 0.56925 0.43966666666666665 0.0185 0.019333333333333334
0 0.5595 0.46266666666666667 0.012 0.016
0 0.591125 0.5173333333333333 0.02125 0.024
0 0.49262500000000004 0.5758333333333333 0.01875 0.023666666666666666
0 0.138625 0.45566666666666666 0.02325 0.034666666666666665
