0 0.098875 0.8566666666666667 0.02225 0.03933333333333333
0 0.11375 0.8594999999999999 0.019 0.025666666666666667
0 0.13725 0.8564999999999999 0.0365 0.034999999999999996
0 0.11850000000000001 0.8853333333333333 0.026000000000000002 0.03
0 0.208375 0.7966666666666666 0.025750000000000002 0.02733333333333333
0 0.21375 0.8261666666666666 0.031 0.028999999999999998
0 0.238625 0.871 0.03325 0.03333333333333333
0 0.228625 0.7721666666666667 0.02325 0.03233333333333333
0 0.203125 0.728 0.025750000000000002 0.03666666666666667
0 0.11900000000000001 0.7725 0.024 0.031
0 0.030125 0.7334999999999999 0.02425 0.026333333333333334
0 0.0995 0.71 0.0315 0.03666666666666667
0 0.13425 0.706 0.026000000000000002 0.03133333333333333
0 0.183875 0.6988333333333333 0.02525 0.033
0 0.281625 0.7016666666666667 0.02725 0.02733333333333333
0 0.011375 0.6729999999999999 0.01875 0.024666666666666667
0 0.032 0.648 0.0395 0.03733333333333333
0 0.058750000000000004 0.6163333333333333 0.018000000000000002 0.03333333333333333
0 0.04725 0.6968333333333333 0.0165 0.015
0 0.04775 0.7113333333333333 0.0185 0.016
0 0.269 0.6176666666666667 0.024 0.026666666666666665
0 0.32625 0.6345 0.019 0.027
0 0.4245 0.7095 0.0275 0.03833333333333333
0 0.445 0.7478333333333333 0.028 0.033666666666666664
0 0.46037500000000003 0.6415 0.02425 0.035666666666666666
0 0.476875 0.6511666666666667 0.01975 0.031
0 0.074 0.526 0.0235 0.024
0 0.009375 0.5023333333333333 0.01825 0.028
0 0.0775 0.3868333333333333 0.025 0.035666666666666666
0 0.12275 0.3718333333333333 0.0175 0.029666666666666664
0 0.13325 0.3625 0.021500000000000002 0.03233333333333333
0 0.16775 0.3268333333333333 0.0235 0.034333333333333334
0 0.199625 0.3253333333333333 0.02775 0.032
0 0.112625 0.2801666666666667 0.02825 0.03166666666666666
0 0.15025 0.2688333333333333 0.016 0.026333333333333334
0 0.091 0.3363333333333333 0.036000000000000004 0.02333333333333333
0 0.1835 0.571 0.0275 0.032
0 0.165625 0.6258333333333334 0.02075 0.026333333333333334
0 0.05525 0.5701666666666666 0.0245 0.028999999999999998
0 0.375125 0.6988333333333333 0.01225 0.023666666666666666
0 0.211625 0.5951666666666666 0.01575 0.020999999999999998
0 0.217375 0.4608333333333333 0.02275 0.024333333333333332
0 0.24925 0.43866666666666665 0.023 0.022666666666666665
0 0.235875 0.416 0.02475 0.028
0 0.20775000000000002 0.41966666666666663 0.019 0.029333333333333333
0 0.2885 0.3938333333333333 0.021500000000000002 0.028333333333333332
0 0.29912500000000003 0.4121666666666666 0.017750000000000002 0.023666666666666666
0 0.346125 0.48766666666666664 0.02725 0.036
0 0.366375 0.33649999999999997 0.02225 0.029666666666666664
0 0.361875 0.30866666666666664 0.02475 0.028
0 0.392 0.32516666666666666 0.023 0.037
0 0.443375 0.36916666666666664 0.01175 0.023666666666666666
0 0.379125 0.373 0.01675 0.025333333333333333
0 0.3935 0.39066666666666666 0.021500000000000002 0.028666666666666667
0 0.264625 0.5569999999999999 0.02075 0.026
0 0.37225 0.6518333333333333 0.014 0.02033333333333333
0 0.36312500000000003 0.607 0.01325 0.019333333333333334
0 0.3845 0.5768333333333333 0.0185 0.03233333333333333
0 0.43075 0.5925 0.019 0.027666666666666666
0 0.43275 0.5516666666666666 0.0225 0.028
0 0.29525 0.3685 0.0275 0.030333333333333334
0 0.32225 0.5348333333333333 0.0235 0.027666666666666666
0 0.62725 0.3705 0.0155 0.023666666666666666
0 0.62625 0.42233333333333334 0.0185 0.024
0 0.63675 0.48016666666666663 0.0265 0.03166666666666666
0 0.515125 0.6286666666666666 0.02375 0.03133333333333333
0 0.49825 0.6244999999999999 0.021 0.027666666666666666
0 0.520875 0.7256666666666667 0.025750000000000002 0.032
0 0.533875 0.6869999999999999 0.02625 0.03866666666666667
0 0.587 0.7051666666666666 0.0275 0.034333333333333334
0 0.5660000000000001 0.6736666666666666 0.025 0.026666666666666665
0 0.557875 0.7056666666666667 0.02325 0.026
0 0.695125 0.7873333333333333 0.02725 0.025333333333333333
0 0.46237500000000004 0.5816666666666667 0.021750000000000002 0.024666666666666667
0 0.551125 0.5336666666666666 0.03225 0.028666666666666667
0 0.660125 0.6066666666666667 0.02925 0.029333333333333333
0 0.57625 0.6296666666666666 0.0205 0.026666666666666665
0 0.6950000000000001 0.6658333333333333 0.025500000000000002 0.034333333333333334
0 0.6295000000000001 0.6829999999999999 0.021 0.021333333333333333
0 0.62625 0.6985 0.0275 0.023666666666666666
0 0.71125 0.6766666666666666 0.022 0.03
0 0.706875 0.7011666666666666 0.025750000000000002 0.028999999999999998
0 0.754875 0.7723333333333333 0.03075 0.03333333333333333
0 0.783375 0.6791666666666667 0.025750000000000002 0.03166666666666666
0 0.7925 0.7391666666666666 0.024 0.028999999999999998
0 0.7937500000000001 0.5746666666666667 0.0235 0.03
0 0.764625 0.5485 0.02075 0.035666666666666666
0 0.725 0.5599999999999999 0.018000000000000002 0.020666666666666667
0 0.729375 0.46266666666666667 0.02525 0.032
0 0.768875 0.3928333333333333 0.02675 0.028333333333333332
0 0.8275 0.6926666666666667 0.018000000000000002 0.024
0 0.864 0.7825 0.025 0.037
0 0.876375 0.7516666666666666 0.02625 0.033999999999999996
0 0.861125 0.7513333333333333 0.01675 0.024
0 0.8915000000000001 0.7643333333333333 0.021 0.03266666666666666
0 0.919625 0.7746666666666666 0.02525 0.03933333333333333
0 0.893375 0.6835 0.02225 0.026333333333333334
0 0.88 0.6749999999999999 0.017 0.02333333333333333
0 0.9938750000000001 0.6495 0.01225 0.027
0 0.986125 0.607 0.01575 0.028666666666666667
0 0.967375 0.6061666666666666 0.01725 0.02033333333333333
0 0.980375 0.639 0.01425 0.014
0 0.964875 0.5221666666666667 0.01525 0.027
0 0.98175 0.48633333333333334 0.019 0.026666666666666665
0 0.844125 0.3773333333333333 0.01525 0.026
0 0.828125 0.3788333333333333 0.01725 0.02033333333333333
0 0.906625 0.5753333333333334 0.02025 0.03
0 0.9175 0.568 0.017 0.021333333333333333
0 0.88125 0.5995 0.0145 0.024333333333333332
0 0.865375 0.6013333333333333 0.01975 0.02333333333333333
0 0.937875 0.6968333333333333 0.01875 0.022333333333333334
0 0.318125 0.45866666666666667 0.02325 0.028
0 0.79425 0.5133333333333333 0.023 0.024666666666666667
0 0.720375 0.5168333333333334 0.02075 0.023
0 0.485375 0.5755 0.01575 0.020999999999999998
