0 0.063625 0.24 0.02725 0.03866666666666667
0 0.1125 0.2905 0.025 0.03966666666666666
0 0.004 0.13166666666666665 0.0075 0.034666666666666665
0 0.009125 0.2598333333333333 0.017750000000000002 0.03833333333333333
0 0.257375 0.4691666666666667 0.03375 0.034333333333333334
0 0.436625 0.5978333333333333 0.03425 0.04566666666666667
0 0.5675 0.6311666666666667 0.046 0.05433333333333333
0 0.55425 0.6726666666666666 0.0365 0.03333333333333333
0 0.57575 0.6993333333333334 0.028 0.03866666666666667
0 0.480375 0.8498333333333333 0.02825 0.043666666666666666
0 0.78125 0.7801666666666667 0.0265 0.043666666666666666
0 0.765125 0.7263333333333333 0.03675 0.05733333333333333
0 0.72775 0.7493333333333333 0.032 0.04466666666666667
0 0.905875 0.7473333333333333 0.02725 0.04466666666666667
0 0.936625 0.7233333333333333 0.01875 0.026
0 0.95625 0.716 0.0125 0.028
0 0.973375 0.653 0.01875 0.02733333333333333
0 0.191 0.7638333333333333 0.0415 0.051
0 0.099875 0.7958333333333333 0.03275 0.041666666666666664
0 0.056125 0.8228333333333333 0.03275 0.043666666666666666
0 0.075375 0.6618333333333333 0.03375 0.036333333333333336
0 0.137375 0.8071666666666666 0.03275 0.035666666666666666
0 0.353875 0.9843333333333333 0.04525 0.03133333333333333
0 0.15737500000000001 0.6456666666666666 0.02725 0.029333333333333333
0 0.18275 0.6144999999999999 0.0345 0.04566666666666667
0 0.503125 0.29 0.04075 0.042666666666666665
0 0.6 0.615 0.0345 0.05533333333333333
0 0.631625 0.6113333333333333 0.04625 0.054
0 0.7428750000000001 0.5971666666666666 0.043750000000000004 0.048999999999999995
0 0.87025 0.6853333333333333 0.0375 0.052
0 0.969125 0.5821666666666666 0.02725 0.041666666666666664
0 0.33087500000000003 0.614 0.035250000000000004 0.042666666666666665
0 0.08700000000000001 0.5326666666666666 0.0335 0.042666666666666665
0 0.162125 0.46549999999999997 0.025750000000000002 0.028999999999999998
0 0.5535 0.024833333333333332 0.018000000000000002 0.024999999999999998
0 0.634375 0.19783333333333333 0.02025 0.035666666666666666
0 0.66625 0.24216666666666667 0.025 0.030333333333333334
0 0.6285000000000001 0.29266666666666663 0.029 0.03333333333333333
0 0.561 0.27999999999999997 0.025 0.035333333333333335
0 0.602375 0.29316666666666663 0.01875 0.030333333333333334
0 0.70275 0.30666666666666664 0.018000000000000002 0.03
0 0.740625 0.36133333333333334 0.01725 0.020666666666666667
0 0.243375 0.5453333333333333 0.02275 0.024
0 0.08975 0.4603333333333333 0.0235 0.029333333333333333
0 0.06675 0.4385 0.0225 0.020999999999999998
0 0.08 0.3895 0.0195 0.023
0 0.012125 0.376 0.01025 0.020666666666666667
0 0.045625 0.3795 0.01175 0.019666666666666666
0 0.046375 0.528 0.014750000000000001 0.020666666666666667
0 0.0585 0.5363333333333333 0.0095 0.020666666666666667
0 0.113625 0.6243333333333333 0.035250000000000004 0.024
0 0.987375 0.6186666666666667 0.02025 0.02733333333333333
0 0.513625 0.35933333333333334 0.025750000000000002 0.03733333333333333
0 0.409375 0.3243333333333333 0.03275 0.03666666666666667
0 0.237875 0.42133333333333334 0.02125 0.026
0 0.83075 0.6348333333333334 0.029 0.048999999999999995
0 0.948375 0.42066666666666663 0.01575 0.016666666666666666
0 0.964375 0.41233333333333333 0.01025 0.020666666666666667
0 0.9253750000000001 0.3893333333333333 0.014750000000000001 0.016666666666666666
0 0.483875 0.378 0.025750000000000002 0.03333333333333333
0 0.160125 0.5549999999999999 0.02825 0.03333333333333333
0 0.6745 0.5015 0.0335 0.036333333333333336
0 0.582375 0.5145 0.03225 0.03766666666666667
0 0.62725 0.5228333333333333 0.0265 0.043666666666666666
0 0.6535 0.5296666666666666 0.015 0.026
0 0.41475 0.375 0.014 0.018666666666666665
0 0.262375 0.7181666666666666 0.01875 0.019666666666666666
0 0.144875 0.44266666666666665 0.02725 0.035333333333333335
0 0.8472500000000001 0.4275 0.0195 0.030333333333333334
0 0.013000000000000001 0.7983333333333333 0.025500000000000002 0.04666666666666666
