0 0.04875 0.7293333333333333 0.024 0.034666666666666665
0 0.120375 0.7268333333333333 0.02125 0.03166666666666666
0 0.241 0.7218333333333333 0.0265 0.034999999999999996
0 0.26225 0.7121666666666666 0.026000000000000002 0.031
0 0.30112500000000003 0.7703333333333333 0.02675 0.03133333333333333
0 0.27087500000000003 0.6816666666666666 0.02425 0.03666666666666667
0 0.245625 0.6651666666666667 0.02325 0.028333333333333332
0 0.240875 0.6856666666666666 0.01875 0.021333333333333333
0 0.216375 0.6978333333333333 0.02075 0.028333333333333332
0 0.17975 0.747 0.0275 0.028
0 0.182 0.8666666666666666 0.03 0.035333333333333335
0 0.23450000000000001 0.8704999999999999 0.033 0.043
0 0.347375 0.8366666666666667 0.02525 0.035333333333333335
0 0.38325000000000004 0.8193333333333334 0.032 0.04666666666666666
0 0.439125 0.8821666666666667 0.021750000000000002 0.03166666666666666
0 0.0745 0.723 0.024 0.034666666666666665
0 0.05575 0.6868333333333333 0.0245 0.033666666666666664
0 0.10200000000000001 0.6156666666666667 0.0195 0.028666666666666667
0 0.126 0.652 0.0175 0.024666666666666667
0 0.28825 0.6388333333333334 0.0235 0.022333333333333334
0 0.29425 0.5986666666666667 0.0205 0.04066666666666666
0 0.325375 0.6011666666666666 0.01375 0.018333333333333333
0 0.48225 0.6051666666666666 0.0265 0.034999999999999996
0 0.471125 0.6321666666666667 0.02775 0.031
0 0.49512500000000004 0.6911666666666666 0.025750000000000002 0.03233333333333333
0 0.4605 0.708 0.033 0.042666666666666665
0 0.48025 0.6719999999999999 0.0235 0.032
0 0.579125 0.6286666666666666 0.029750000000000002 0.04
0 0.612 0.6066666666666667 0.024 0.03
0 0.634625 0.6171666666666666 0.02125 0.03166666666666666
0 0.661 0.7244999999999999 0.0315 0.043666666666666666
0 0.692875 0.6995 0.03025 0.034333333333333334
0 0.69725 0.6758333333333333 0.0305 0.034333333333333334
0 0.70575 0.6483333333333333 0.026000000000000002 0.032
0 0.644625 0.8613333333333333 0.03775 0.051333333333333335
0 0.663625 0.8273333333333333 0.035750000000000004 0.04466666666666667
0 0.705375 0.8175 0.02875 0.037
0 0.694125 0.7821666666666667 0.02225 0.035666666666666666
0 0.722625 0.7925 0.02925 0.039
0 0.7405 0.7628333333333334 0.0275 0.03833333333333333
0 0.76425 0.6965 0.03 0.04033333333333333
0 0.795875 0.6855 0.02625 0.043
0 0.820125 0.7113333333333333 0.03275 0.04666666666666666
0 0.8472500000000001 0.6466666666666666 0.0245 0.03866666666666667
0 0.632375 0.7763333333333333 0.02675 0.036
0 0.5585 0.7936666666666666 0.0345 0.03333333333333333
0 0.46525 0.8588333333333333 0.0325 0.041
0 0.509875 0.8069999999999999 0.02325 0.024
0 0.53225 0.7881666666666667 0.0175 0.025666666666666667
0 0.603 0.7118333333333333 0.0245 0.034999999999999996
0 0.62425 0.6933333333333334 0.021500000000000002 0.03
0 0.5065000000000001 0.5173333333333333 0.0225 0.032
0 0.53425 0.5136666666666666 0.028 0.03
0 0.566875 0.5595 0.02675 0.021666666666666667
0 0.5992500000000001 0.5646666666666667 0.023 0.029333333333333333
0 0.634375 0.5558333333333333 0.02825 0.036333333333333336
0 0.663875 0.5518333333333333 0.02725 0.041
0 0.7605000000000001 0.5736666666666667 0.018000000000000002 0.02333333333333333
0 0.88525 0.5183333333333333 0.028 0.03
0 0.9095 0.5286666666666666 0.0225 0.03133333333333333
0 0.9237500000000001 0.5035 0.024 0.033666666666666664
0 0.95975 0.4703333333333333 0.0285 0.030666666666666665
0 0.968 0.49216666666666664 0.025 0.03233333333333333
0 0.931625 0.7404999999999999 0.02425 0.036333333333333336
0 0.890375 0.7156666666666667 0.02775 0.028666666666666667
0 0.913125 0.6843333333333333 0.01875 0.026666666666666665
0 0.933 0.6738333333333333 0.0265 0.028999999999999998
0 0.9732500000000001 0.7196666666666667 0.023 0.03
0 0.984375 0.7066666666666667 0.02275 0.033999999999999996
0 0.603875 0.9595 0.043750000000000004 0.043666666666666666
0 0.353625 0.7708333333333333 0.02875 0.034333333333333334
0 0.006500000000000001 0.7613333333333333 0.0125 0.032
0 0.21125 0.7775 0.025500000000000002 0.033
0 0.212125 0.5678333333333333 0.025750000000000002 0.03166666666666666
0 0.201625 0.5915 0.02525 0.025666666666666667
0 0.230875 0.497 0.03275 0.029333333333333333
0 0.169375 0.5291666666666667 0.02325 0.020999999999999998
0 0.175375 0.5625 0.03175 0.028999999999999998
0 0.507875 0.39716666666666667 0.02325 0.03233333333333333
0 0.5181250000000001 0.3303333333333333 0.01525 0.02
0 0.5670000000000001 0.41966666666666663 0.032 0.044
0 0.44425000000000003 0.45616666666666666 0.015 0.02033333333333333
0 0.397625 0.6693333333333333 0.02025 0.026
0 0.6035 0.871 0.0335 0.03133333333333333
0 0.577875 0.8943333333333333 0.03025 0.048666666666666664
0 0.90475 0.5803333333333334 0.0225 0.03866666666666667
0 0.936125 0.5895 0.02275 0.035666666666666666
0 0.912625 0.6244999999999999 0.03025 0.029666666666666664
0 0.770875 0.388 0.029750000000000002 0.03333333333333333
0 0.756 0.3778333333333333 0.016 0.022333333333333334
0 0.721875 0.391 0.01525 0.022
0 0.70575 0.3783333333333333 0.0245 0.02733333333333333
0 0.6773750000000001 0.387 0.02075 0.026
0 0.6425 0.23983333333333332 0.025500000000000002 0.03233333333333333
0 0.98775 0.5651666666666666 0.0125 0.02033333333333333
0 0.949625 0.57 0.02075 0.026
0 0.9433750000000001 0.5215 0.02375 0.023666666666666666
0 0.86475 0.6405 0.019 0.04033333333333333
0 0.847125 0.4593333333333333 0.02225 0.028666666666666667
0 0.851 0.4378333333333333 0.02 0.026333333333333334
0 0.7821250000000001 0.5118333333333334 0.02025 0.03166666666666666
0 0.269125 0.7928333333333333 0.01825 0.028333333333333332
0 0.284125 0.7848333333333333 0.01525 0.023666666666666666
