0 0.5553750000000001 0.07583333333333334 0.02475 0.03766666666666667
0 0.575875 0.067 0.02675 0.034666666666666665
0 0.5583750000000001 0.15283333333333332 0.02675 0.04433333333333333
0 0.513625 0.16949999999999998 0.02475 0.034333333333333334
0 0.516625 0.17366666666666666 0.03375 0.04733333333333333
0 0.46275 0.21533333333333332 0.022 0.029333333333333333
0 0.43225 0.13033333333333333 0.027 0.033999999999999996
0 0.525625 0.2515 0.01725 0.027
0 0.515 0.40199999999999997 0.021 0.03266666666666666
0 0.541 0.4078333333333333 0.027 0.035666666666666666
0 0.6065 0.3815 0.024 0.027
0 0.722625 0.3473333333333333 0.02275 0.028666666666666667
0 0.729625 0.47533333333333333 0.021750000000000002 0.030666666666666665
0 0.747 0.5183333333333333 0.0315 0.038
0 0.716125 0.528 0.029750000000000002 0.03
0 0.480625 0.43366666666666664 0.021750000000000002 0.022
0 0.484875 0.4553333333333333 0.01825 0.020666666666666667
0 0.519 0.43466666666666665 0.0155 0.021333333333333333
0 0.5241250000000001 0.45766666666666667 0.02325 0.02333333333333333
0 0.483875 0.5376666666666666 0.01725 0.024
0 0.537875 0.5091666666666667 0.01375 0.024999999999999998
0 0.5345 0.47833333333333333 0.0175 0.021333333333333333
0 0.5503750000000001 0.4683333333333333 0.01125 0.020666666666666667
0 0.563875 0.49916666666666665 0.01725 0.02033333333333333
0 0.522875 0.4785 0.01225 0.016999999999999998
0 0.32025 0.22849999999999998 0.0265 0.028333333333333332
0 0.377875 0.16883333333333334 0.02475 0.033666666666666664
0 0.161875 0.38266666666666665 0.01325 0.014666666666666666
0 0.131375 0.413 0.01225 0.018666666666666665
0 0.124 0.40399999999999997 0.0125 0.016666666666666666
0 0.11925000000000001 0.362 0.016 0.02
0 0.089875 0.4428333333333333 0.017750000000000002 0.02033333333333333
0 0.0635 0.44416666666666665 0.0165 0.018333333333333333
0 0.097625 0.6685 0.02675 0.037
0 0.026000000000000002 0.7691666666666667 0.029 0.027
0 0.096 0.7621666666666667 0.023 0.027
0 0.020625 0.7958333333333333 0.021750000000000002 0.027666666666666666
0 0.076125 0.8331666666666666 0.02525 0.029666666666666664
0 0.112625 0.8786666666666666 0.03075 0.036
0 0.036375 0.9371666666666666 0.02275 0.026333333333333334
0 0.07100000000000001 0.7468333333333333 0.023 0.031
0 0.05575 0.7253333333333333 0.0235 0.030666666666666665
0 0.11862500000000001 0.7071666666666666 0.02375 0.028999999999999998
0 0.212 0.5803333333333334 0.0345 0.03866666666666667
0 0.202625 0.7978333333333333 0.014750000000000001 0.014333333333333333
0 0.19725 0.7858333333333333 0.0105 0.013
0 0.222 0.7831666666666667 0.0105 0.015
0 0.2135 0.7953333333333333 0.013000000000000001 0.014
0 0.23450000000000001 0.7929999999999999 0.0125 0.016666666666666666
0 0.24225 0.7334999999999999 0.0105 0.013666666666666666
0 0.178 0.7446666666666666 0.0125 0.014
0 0.28750000000000003 0.706 0.025500000000000002 0.034666666666666665
0 0.314875 0.706 0.02625 0.029333333333333333
0 0.311 0.7266666666666667 0.011 0.016
0 0.3225 0.7268333333333333 0.0155 0.016999999999999998
0 0.36462500000000003 0.7201666666666666 0.01525 0.019
0 0.371125 0.7206666666666667 0.01425 0.021333333333333333
0 0.355625 0.7366666666666667 0.01625 0.018
0 0.36362500000000003 0.771 0.01425 0.014666666666666666
0 0.4235 0.7963333333333333 0.0275 0.032
0 0.33137500000000003 0.5523333333333333 0.02875 0.03333333333333333
0 0.2975 0.4705 0.022 0.025666666666666667
0 0.298875 0.49 0.03025 0.028
0 0.233625 0.6828333333333333 0.03025 0.033
0 0.258375 0.6276666666666666 0.02825 0.03
0 0.195375 0.6366666666666666 0.02325 0.024
0 0.29712500000000003 0.6068333333333333 0.02075 0.025666666666666667
0 0.38575 0.5898333333333333 0.0235 0.036333333333333336
0 0.45825 0.5853333333333333 0.0145 0.022
0 0.470125 0.5771666666666666 0.01625 0.019
0 0.50325 0.65 0.0115 0.02
0 0.465375 0.655 0.01125 0.015333333333333332
0 0.467 0.7223333333333333 0.016 0.018666666666666665
0 0.4555 0.7268333333333333 0.0125 0.014333333333333333
0 0.450125 0.7438333333333333 0.01675 0.021666666666666667
0 0.356625 0.708 0.01575 0.018
0 0.322125 0.6141666666666666 0.02425 0.03166666666666666
0 0.311125 0.6565 0.02075 0.027666666666666666
0 0.50375 0.6955 0.0075 0.009
0 0.50425 0.6875 0.0085 0.009666666666666667
0 0.51175 0.6925 0.004 0.007666666666666666
0 0.47125 0.6793333333333333 0.013000000000000001 0.013333333333333332
0 0.48762500000000003 0.7008333333333333 0.00925 0.010333333333333333
0 0.57975 0.7063333333333333 0.0115 0.016
0 0.583375 0.6916666666666667 0.01225 0.015333333333333332
0 0.592625 0.6776666666666666 0.00825 0.010666666666666666
0 0.575875 0.6638333333333333 0.01175 0.014333333333333333
0 0.5625 0.6555 0.009000000000000001 0.012333333333333333
0 0.5645 0.6124999999999999 0.0185 0.019666666666666666
0 0.571375 0.588 0.01725 0.016666666666666666
0 0.577125 0.6073333333333333 0.01375 0.015333333333333332
0 0.5655 0.5328333333333333 0.0165 0.027
0 0.59975 0.5445 0.0125 0.015
0 0.59875 0.529 0.016 0.014666666666666666
0 0.613625 0.5383333333333333 0.01575 0.021333333333333333
0 0.638 0.6753333333333333 0.011 0.017333333333333333
0 0.62275 0.6473333333333333 0.011 0.014666666666666666
0 0.610625 0.6501666666666667 0.010750000000000001 0.011666666666666665
0 0.68925 0.709 0.012 0.017333333333333333
0 0.674875 0.5908333333333333 0.02275 0.025666666666666667
0 0.7368750000000001 0.769 0.01725 0.03866666666666667
0 0.72575 0.617 0.029 0.03666666666666667
0 0.797625 0.7118333333333333 0.02325 0.028999999999999998
0 0.8103750000000001 0.7085 0.03025 0.04033333333333333
0 0.836375 0.7765 0.02725 0.03233333333333333
0 0.869625 0.7613333333333333 0.029750000000000002 0.03666666666666667
0 0.8280000000000001 0.846 0.032 0.043333333333333335
0 0.881375 0.8058333333333333 0.02125 0.028333333333333332
0 0.88425 0.8255 0.025 0.028999999999999998
0 0.903 0.8021666666666667 0.018000000000000002 0.030333333333333334
0 0.918625 0.8133333333333334 0.01425 0.026
0 0.933 0.813 0.013000000000000001 0.022666666666666665
0 0.9420000000000001 0.871 0.019 0.026
0 0.962125 0.863 0.02425 0.024
0 0.976375 0.85 0.02075 0.03
0 0.96125 0.844 0.0145 0.026
0 0.949375 0.8403333333333333 0.017750000000000002 0.030666666666666665
0 0.906625 0.7725 0.02375 0.027
0 0.9303750000000001 0.7705 0.02825 0.034999999999999996
0 0.890125 0.7451666666666666 0.02225 0.023666666666666666
0 0.827875 0.6911666666666666 0.021750000000000002 0.02033333333333333
0 0.832125 0.6676666666666666 0.02425 0.022
0 0.8366250000000001 0.7254999999999999 0.02875 0.019666666666666666
0 0.8426250000000001 0.46166666666666667 0.01425 0.017333333333333333
0 0.80825 0.6418333333333334 0.0115 0.015666666666666666
0 0.7973750000000001 0.6248333333333334 0.01875 0.023666666666666666
0 0.972 0.565 0.007 0.008666666666666666
0 0.9756250000000001 0.5946666666666667 0.00675 0.006666666666666666
0 0.953875 0.5941666666666666 0.00875 0.008333333333333333
0 0.9666250000000001 0.6003333333333333 0.00425 0.004666666666666666
0 0.9985 0.5548333333333333 0.003 0.008333333333333333
0 0.99575 0.5311666666666667 0.007 0.009
0 0.989125 0.6265 0.00575 0.009666666666666667
0 0.99475 0.6251666666666666 0.0045000000000000005 0.008333333333333333
0 0.99875 0.6213333333333333 0.0025 0.01
