0 0.1895 0.3155 0.0445 0.05233333333333333
0 0.312125 0.4145 0.03825 0.04766666666666666
0 0.14675 0.5218333333333334 0.0375 0.04566666666666667
0 0.455 0.30566666666666664 0.0415 0.042666666666666665
0 0.39637500000000003 0.415 0.03825 0.03866666666666667
0 0.449625 0.3978333333333333 0.03675 0.05633333333333333
0 0.52925 0.4623333333333333 0.0335 0.046
0 0.417875 0.49516666666666664 0.03125 0.048999999999999995
0 0.442875 0.46699999999999997 0.04525 0.04466666666666667
0 0.553 0.3718333333333333 0.039 0.043666666666666666
0 0.622625 0.35416666666666663 0.029750000000000002 0.041666666666666664
0 0.6715 0.5133333333333333 0.0305 0.03333333333333333
0 0.40225 0.6243333333333333 0.039 0.04066666666666666
0 0.226125 0.8691666666666666 0.03375 0.043
0 0.234375 0.7895 0.03275 0.04566666666666667
0 0.534 0.5618333333333333 0.043000000000000003 0.036333333333333336
0 0.08600000000000001 0.8118333333333333 0.025 0.028333333333333332
0 0.042125 0.7426666666666667 0.035750000000000004 0.035333333333333335
0 0.014125 0.7561666666666667 0.02775 0.04566666666666667
0 0.046375 0.8285 0.02725 0.03233333333333333
0 0.051125000000000004 0.8633333333333333 0.02875 0.03133333333333333
0 0.073875 0.841 0.02425 0.022
0 0.584375 0.8644999999999999 0.04225 0.043666666666666666
0 0.5796250000000001 0.8066666666666666 0.035750000000000004 0.04066666666666666
0 0.41250000000000003 0.9488333333333333 0.039 0.041666666666666664
0 0.44575000000000004 0.9259999999999999 0.032 0.054
0 0.401125 0.9145 0.03225 0.03966666666666666
0 0.255375 0.8576666666666667 0.029750000000000002 0.04066666666666666
0 0.849125 0.5733333333333334 0.03425 0.03666666666666667
0 0.921875 0.7946666666666666 0.021750000000000002 0.03133333333333333
0 0.958125 0.8049999999999999 0.02425 0.03333333333333333
0 0.93825 0.7926666666666666 0.011 0.048
0 0.269125 0.3133333333333333 0.04125 0.049999999999999996
0 0.36012500000000003 0.33749999999999997 0.03925 0.05633333333333333
0 0.4995 0.20933333333333332 0.032 0.048
0 0.553875 0.18683333333333332 0.03125 0.03833333333333333
0 0.9480000000000001 0.563 0.032 0.04066666666666666
0 0.871125 0.7211666666666666 0.01875 0.030333333333333334
0 0.891375 0.7274999999999999 0.01425 0.03233333333333333
0 0.8565 0.6629999999999999 0.0445 0.04066666666666666
0 0.388625 0.6946666666666667 0.035250000000000004 0.046
0 0.43625 0.7393333333333333 0.021 0.03333333333333333
0 0.143625 0.36083333333333334 0.03125 0.034333333333333334
0 0.155 0.4093333333333333 0.035 0.029333333333333333
0 0.092125 0.7718333333333333 0.021750000000000002 0.03966666666666666
0 0.918375 0.7503333333333333 0.02725 0.04466666666666667
0 0.9465 0.7446666666666666 0.021 0.03933333333333333
0 0.58 0.7525 0.0445 0.051
0 0.3305 0.8671666666666666 0.025 0.03233333333333333
0 0.341375 0.7436666666666666 0.02675 0.03933333333333333
