0 0.14575 0.542 0.0385 0.041999999999999996
0 0.099375 0.5251666666666667 0.03875 0.045
0 0.10287500000000001 0.5801666666666666 0.035750000000000004 0.036333333333333336
0 0.160375 0.5728333333333333 0.02375 0.03166666666666666
0 0.233875 0.5178333333333334 0.02925 0.034333333333333334
0 0.30725 0.4795 0.035500000000000004 0.045
0 0.34925 0.6639999999999999 0.037 0.05533333333333333
0 0.231125 0.41566666666666663 0.03375 0.03666666666666667
0 0.300375 0.36116666666666664 0.02525 0.030333333333333334
0 0.224 0.7921666666666667 0.039 0.056999999999999995
0 0.26837500000000003 0.7433333333333333 0.04075 0.03866666666666667
0 0.294875 0.7233333333333333 0.02725 0.03733333333333333
0 0.357875 0.7418333333333333 0.03175 0.03766666666666667
0 0.385125 0.737 0.03275 0.04933333333333333
0 0.354375 0.7244999999999999 0.035750000000000004 0.04566666666666667
0 0.31275000000000003 0.8863333333333333 0.0315 0.04466666666666667
0 0.322875 0.9299999999999999 0.03275 0.03866666666666667
0 0.49 0.46199999999999997 0.042 0.048
0 0.551125 0.5548333333333333 0.029750000000000002 0.04433333333333333
0 0.138875 0.26966666666666667 0.03325 0.03866666666666667
0 0.386125 0.8181666666666666 0.02875 0.049666666666666665
0 0.40075 0.7948333333333333 0.024 0.035666666666666666
0 0.4655 0.7286666666666667 0.0365 0.052
0 0.51825 0.7314999999999999 0.041 0.049666666666666665
0 0.60475 0.6798333333333333 0.017 0.023666666666666666
0 0.718 0.6678333333333333 0.034 0.05233333333333333
0 0.77525 0.7975 0.037 0.06899999999999999
0 0.80875 0.8128333333333333 0.0385 0.06366666666666666
0 0.5705 0.22516666666666665 0.035500000000000004 0.041666666666666664
0 0.375 0.4933333333333333 0.0175 0.026666666666666665
0 0.722 0.7743333333333333 0.0205 0.02733333333333333
0 0.6863750000000001 0.7556666666666666 0.01625 0.020666666666666667
0 0.75425 0.7326666666666667 0.015 0.020666666666666667
0 0.764 0.7443333333333333 0.01 0.019333333333333334
0 0.774375 0.7393333333333333 0.01125 0.020666666666666667
0 0.82175 0.7613333333333333 0.0145 0.019333333333333334
0 0.846375 0.7869999999999999 0.01725 0.024666666666666667
0 0.9275 0.7258333333333333 0.021500000000000002 0.029666666666666664
0 0.653375 0.33549999999999996 0.025750000000000002 0.034333333333333334
0 0.42212500000000003 0.5036666666666666 0.03225 0.03733333333333333
0 0.469625 0.42883333333333334 0.03275 0.041666666666666664
0 0.823125 0.42483333333333334 0.03175 0.039
0 0.86725 0.5569999999999999 0.052000000000000005 0.04466666666666667
0 0.62575 0.717 0.0105 0.022
0 0.619125 0.7005 0.01375 0.016999999999999998
0 0.5876250000000001 0.723 0.01725 0.019333333333333334
0 0.42662500000000003 0.713 0.01675 0.024666666666666667
0 0.409375 0.6955 0.01875 0.028333333333333332
0 0.7415 0.6819999999999999 0.016 0.026666666666666665
0 0.697125 0.6733333333333333 0.01125 0.016666666666666666
0 0.8225 0.6988333333333333 0.0195 0.027666666666666666
0 0.708375 0.6103333333333333 0.03425 0.04
0 0.5397500000000001 0.3133333333333333 0.023 0.04
