0 0.028625 0.41183333333333333 0.01175 0.01633333333333333
0 0.0655 0.4633333333333333 0.01 0.009333333333333332
0 0.026625 0.5105 0.01125 0.017666666666666667
0 0.073125 0.49416666666666664 0.01175 0.01633333333333333
0 0.108125 0.4691666666666667 0.01725 0.023
0 0.08975 0.41766666666666663 0.0185 0.025333333333333333
0 0.080625 0.407 0.017750000000000002 0.02
0 0.108 0.45616666666666666 0.0185 0.019666666666666666
0 0.1655 0.3745 0.021 0.021666666666666667
0 0.15775 0.3491666666666667 0.022 0.023
0 0.14275000000000002 0.3233333333333333 0.0245 0.016666666666666666
0 0.17025 0.3978333333333333 0.0185 0.022333333333333334
0 0.07475 0.6823333333333333 0.0195 0.028
0 0.15325 0.6916666666666667 0.031 0.04
0 0.12662500000000002 0.539 0.02875 0.034666666666666665
0 0.128625 0.5058333333333334 0.02075 0.028333333333333332
0 0.1475 0.501 0.024 0.04
0 0.16725 0.5096666666666666 0.0245 0.028
0 0.174875 0.5378333333333333 0.017750000000000002 0.023666666666666666
0 0.209375 0.5518333333333333 0.03225 0.031
0 0.13425 0.8198333333333333 0.034 0.043
0 0.142625 0.8628333333333333 0.03275 0.043
0 0.172625 0.8693333333333333 0.03275 0.041999999999999996
0 0.188 0.7185 0.0315 0.03966666666666666
0 0.3355 0.7013333333333334 0.035500000000000004 0.046
0 0.287125 0.7023333333333334 0.03125 0.048666666666666664
0 0.241125 0.6711666666666667 0.035750000000000004 0.04433333333333333
0 0.24725 0.7251666666666666 0.0345 0.043
0 0.21275 0.8091666666666666 0.022 0.028999999999999998
0 0.264625 0.616 0.03175 0.04066666666666666
0 0.3755 0.5429999999999999 0.03 0.04466666666666667
0 0.3995 0.5633333333333334 0.025500000000000002 0.036
0 0.418875 0.5835 0.03225 0.043666666666666666
0 0.475375 0.46499999999999997 0.03175 0.04666666666666666
0 0.37975000000000003 0.47916666666666663 0.0305 0.035666666666666666
0 0.37 0.4393333333333333 0.0345 0.048666666666666664
0 0.4855 0.37 0.0245 0.043333333333333335
0 0.27225 0.30666666666666664 0.028 0.04
0 0.295 0.2975 0.035500000000000004 0.045
0 0.238875 0.4978333333333333 0.03325 0.031
0 0.225875 0.524 0.03275 0.032
0 0.21937500000000001 0.6703333333333333 0.02875 0.03866666666666667
0 0.10225000000000001 0.39666666666666667 0.022 0.030666666666666665
0 0.703125 0.4348333333333333 0.02625 0.034333333333333334
0 0.663625 0.5263333333333333 0.02825 0.038
0 0.7005 0.5791666666666666 0.031 0.035666666666666666
0 0.64 0.6591666666666667 0.0265 0.035666666666666666
0 0.667 0.696 0.0315 0.04666666666666666
0 0.6655 0.7166666666666667 0.039 0.04533333333333333
0 0.656875 0.8381666666666666 0.04275 0.051
0 0.638 0.8958333333333333 0.024 0.045
0 0.61575 0.8836666666666666 0.025 0.04133333333333333
0 0.57075 0.837 0.0305 0.03733333333333333
0 0.5725 0.8696666666666666 0.037 0.042666666666666665
0 0.569875 0.9378333333333333 0.03125 0.035666666666666666
0 0.50675 0.8651666666666666 0.031 0.041666666666666664
0 0.493875 0.899 0.03325 0.04666666666666666
0 0.526875 0.8446666666666667 0.03075 0.04066666666666666
0 0.7595000000000001 0.7723333333333333 0.0235 0.034666666666666665
0 0.787875 0.7858333333333333 0.03225 0.041666666666666664
0 0.821625 0.7785 0.02675 0.04566666666666667
0 0.828875 0.8066666666666666 0.02675 0.03133333333333333
0 0.8125 0.8228333333333333 0.021500000000000002 0.035666666666666666
0 0.846125 0.7748333333333333 0.02425 0.031
0 0.87425 0.7785 0.025 0.035666666666666666
0 0.9075 0.7795 0.0375 0.051
0 0.757125 0.7454999999999999 0.01675 0.03166666666666666
0 0.77675 0.7548333333333334 0.02 0.029666666666666664
0 0.858625 0.7151666666666666 0.03375 0.051
0 0.71325 0.6093333333333333 0.0245 0.041999999999999996
0 0.25725 0.4528333333333333 0.028 0.03766666666666667
0 0.120875 0.4363333333333333 0.01725 0.019333333333333334
0 0.658 0.30883333333333335 0.0185 0.029666666666666664
0 0.645875 0.33916666666666667 0.02275 0.028333333333333332
0 0.6075 0.4348333333333333 0.027 0.035666666666666666
0 0.9762500000000001 0.5738333333333333 0.02 0.028999999999999998
0 0.7415 0.5345 0.035 0.042333333333333334
0 0.6697500000000001 0.5945 0.013000000000000001 0.016999999999999998
0 0.4625 0.5651666666666666 0.012 0.013666666666666666
0 0.4525 0.5528333333333333 0.0115 0.014333333333333333
0 0.43025 0.5036666666666666 0.0115 0.014666666666666666
0 0.392 0.5206666666666666 0.023 0.021333333333333333
0 0.40800000000000003 0.5475 0.0205 0.021666666666666667
0 0.33525 0.6681666666666667 0.0235 0.029666666666666664
0 0.1995 0.6923333333333334 0.023 0.032
0 0.9722500000000001 0.4126666666666666 0.0155 0.022666666666666665
0 0.872375 0.26466666666666666 0.01425 0.019333333333333334
0 0.687 0.5335 0.0175 0.030333333333333334
0 0.5335 0.3353333333333333 0.0225 0.028666666666666667
0 0.51675 0.36983333333333335 0.025500000000000002 0.027666666666666666
