0 0.22225 0.6124999999999999 0.0275 0.04033333333333333
0 0.203875 0.6273333333333333 0.02625 0.03666666666666667
0 0.201125 0.643 0.03225 0.03866666666666667
0 0.19112500000000002 0.6565 0.03325 0.03966666666666666
0 0.17375000000000002 0.6306666666666666 0.0235 0.03
0 0.18825 0.604 0.0235 0.033999999999999996
0 0.177625 0.7416666666666667 0.02125 0.026666666666666665
0 0.1655 0.6981666666666666 0.0205 0.03166666666666666
0 0.21775 0.7291666666666666 0.02 0.023666666666666666
0 0.13675 0.6859999999999999 0.0235 0.03133333333333333
0 0.12562500000000001 0.6693333333333333 0.01425 0.015333333333333332
0 0.22075 0.6693333333333333 0.01 0.019333333333333334
0 0.2415 0.6696666666666666 0.0145 0.02
0 0.236125 0.698 0.014750000000000001 0.019333333333333334
0 0.362 0.616 0.025 0.049999999999999996
0 0.30062500000000003 0.6184999999999999 0.01825 0.023
0 0.26525 0.6261666666666666 0.017 0.023
0 0.298875 0.6481666666666667 0.021750000000000002 0.019
0 0.370375 0.6868333333333333 0.03125 0.036333333333333336
0 0.429875 0.7046666666666667 0.02275 0.033999999999999996
0 0.39775 0.6729999999999999 0.0245 0.036
0 0.410125 0.7321666666666666 0.029750000000000002 0.034333333333333334
0 0.4005 0.7716666666666666 0.0335 0.04666666666666666
0 0.234625 0.8581666666666666 0.029750000000000002 0.034333333333333334
0 0.48875 0.8543333333333333 0.03 0.044
0 0.509625 0.885 0.025750000000000002 0.044
0 0.501375 0.6376666666666666 0.01825 0.03333333333333333
0 0.5195 0.6383333333333333 0.0245 0.03333333333333333
0 0.552125 0.6373333333333333 0.02625 0.033999999999999996
0 0.48 0.65 0.018000000000000002 0.028
0 0.468875 0.6518333333333333 0.01525 0.028333333333333332
0 0.477125 0.7038333333333333 0.021750000000000002 0.028999999999999998
0 0.452125 0.5525 0.02625 0.034999999999999996
0 0.454 0.5078333333333334 0.0275 0.034999999999999996
0 0.40825 0.5176666666666666 0.031 0.03866666666666667
0 0.3735 0.5198333333333334 0.0335 0.03766666666666667
0 0.23275 0.5103333333333333 0.0315 0.036
0 0.354625 0.39566666666666667 0.02625 0.035333333333333335
0 0.32987500000000003 0.4038333333333333 0.025750000000000002 0.03233333333333333
0 0.309125 0.4495 0.02125 0.027
0 0.38725 0.36033333333333334 0.0245 0.030666666666666665
0 0.352625 0.33066666666666666 0.02525 0.03133333333333333
0 0.377375 0.3185 0.021750000000000002 0.029666666666666664
0 0.480125 0.4661666666666667 0.02075 0.03766666666666667
0 0.5875 0.3685 0.0195 0.026333333333333334
0 0.517375 0.46199999999999997 0.02325 0.03266666666666666
0 0.5437500000000001 0.5263333333333333 0.022 0.026666666666666665
0 0.501375 0.5636666666666666 0.035250000000000004 0.042666666666666665
0 0.544 0.6024999999999999 0.0225 0.029666666666666664
0 0.587375 0.8504999999999999 0.02225 0.028999999999999998
0 0.778625 0.8201666666666666 0.029750000000000002 0.03833333333333333
0 0.8103750000000001 0.8536666666666667 0.02625 0.03
0 0.8612500000000001 0.8065 0.0395 0.050333333333333334
0 0.825875 0.7368333333333333 0.03475 0.039
0 0.757 0.6425 0.0285 0.035666666666666666
0 0.775 0.6351666666666667 0.028 0.03833333333333333
0 0.7475 0.6233333333333333 0.021 0.018666666666666665
0 0.5965 0.6303333333333333 0.0205 0.029333333333333333
0 0.573625 0.6378333333333334 0.02125 0.034999999999999996
0 0.62825 0.6015 0.0155 0.026333333333333334
0 0.65725 0.5878333333333333 0.0155 0.020999999999999998
0 0.6677500000000001 0.5998333333333333 0.013000000000000001 0.020999999999999998
0 0.682875 0.5571666666666667 0.02475 0.024333333333333332
0 0.61675 0.5018333333333334 0.015 0.023
0 0.815125 0.48616666666666664 0.02225 0.028999999999999998
0 0.852125 0.5721666666666666 0.02625 0.03233333333333333
0 0.786875 0.5609999999999999 0.02475 0.033999999999999996
0 0.919375 0.6626666666666666 0.01525 0.02333333333333333
0 0.931125 0.6351666666666667 0.02025 0.019666666666666666
0 0.9945 0.5853333333333333 0.011 0.022
0 0.823125 0.6325 0.02225 0.027666666666666666
0 0.67475 0.6456666666666666 0.015 0.021333333333333333
0 0.15075 0.586 0.021 0.032
0 0.126 0.6191666666666666 0.0115 0.019666666666666666
0 0.683125 0.6528333333333333 0.00775 0.011
0 0.69425 0.63 0.008 0.012666666666666666
