0 0.037 0.38216666666666665 0.021 0.028999999999999998
0 0.044 0.4103333333333333 0.018000000000000002 0.016666666666666666
0 0.048 0.6681666666666667 0.0225 0.028333333333333332
0 0.09375 0.6581666666666667 0.0235 0.027
0 0.164 0.6723333333333333 0.0265 0.028
0 0.09875 0.5556666666666666 0.015 0.026
0 0.11675 0.5015 0.0275 0.028333333333333332
0 0.10237500000000001 0.48833333333333334 0.01725 0.018666666666666665
0 0.183125 0.478 0.02275 0.029333333333333333
0 0.15625 0.5125 0.014 0.024999999999999998
0 0.186375 0.4121666666666666 0.02375 0.027666666666666666
0 0.212125 0.42533333333333334 0.02075 0.026
0 0.217125 0.4008333333333333 0.02675 0.023
0 0.249125 0.4073333333333333 0.02625 0.03266666666666666
0 0.271625 0.4423333333333333 0.02275 0.033999999999999996
0 0.277125 0.5283333333333333 0.02375 0.029333333333333333
0 0.2985 0.5765 0.0285 0.027666666666666666
0 0.27625 0.6104999999999999 0.0245 0.031
0 0.186875 0.6071666666666666 0.02275 0.027666666666666666
0 0.21775 0.6056666666666667 0.011 0.019333333333333334
0 0.2315 0.615 0.0165 0.02333333333333333
0 0.323125 0.6305 0.02425 0.034999999999999996
0 0.34075 0.5513333333333333 0.0185 0.028
0 0.321875 0.5298333333333333 0.017750000000000002 0.02033333333333333
0 0.322125 0.48 0.02225 0.028
0 0.33425 0.483 0.0175 0.024
0 0.336125 0.44816666666666666 0.01875 0.028333333333333332
0 0.3085 0.4623333333333333 0.018000000000000002 0.024
0 0.362 0.514 0.011 0.014666666666666666
0 0.3705 0.5065 0.0105 0.019666666666666666
0 0.37275 0.4815 0.015 0.014333333333333333
0 0.388125 0.3855 0.01975 0.025666666666666667
0 0.27525 0.3815 0.0225 0.023
0 0.293 0.37133333333333335 0.019 0.02333333333333333
0 0.373375 0.33416666666666667 0.01875 0.028999999999999998
0 0.41025 0.31016666666666665 0.018000000000000002 0.028999999999999998
0 0.39137500000000003 0.3255 0.01725 0.028999999999999998
0 0.359 0.32 0.021500000000000002 0.024666666666666667
0 0.27087500000000003 0.25916666666666666 0.01725 0.028999999999999998
0 0.46075 0.6438333333333333 0.025 0.035666666666666666
0 0.496 0.6438333333333333 0.02 0.035666666666666666
0 0.529875 0.6231666666666666 0.02675 0.030333333333333334
0 0.56275 0.6194999999999999 0.022 0.03233333333333333
0 0.54425 0.6626666666666666 0.025 0.033999999999999996
0 0.583875 0.6548333333333333 0.02275 0.03166666666666666
0 0.565625 0.6675 0.02125 0.027666666666666666
0 0.56225 0.6805 0.022 0.019666666666666666
0 0.7025 0.5793333333333334 0.016 0.02333333333333333
0 0.47350000000000003 0.407 0.03 0.03333333333333333
0 0.6697500000000001 0.22383333333333333 0.0225 0.034999999999999996
0 0.409375 0.39116666666666666 0.017750000000000002 0.024333333333333332
0 0.634375 0.41466666666666663 0.02125 0.029333333333333333
0 0.67525 0.4053333333333333 0.019 0.026666666666666665
0 0.713375 0.354 0.02325 0.03
0 0.706125 0.385 0.02325 0.026666666666666665
0 0.727125 0.3773333333333333 0.02275 0.026
0 0.6005 0.19433333333333333 0.0195 0.029333333333333333
0 0.582 0.18616666666666665 0.0225 0.024333333333333332
0 0.5201250000000001 0.20116666666666666 0.01825 0.02033333333333333
0 0.578 0.2695 0.0195 0.021666666666666667
0 0.607125 0.27799999999999997 0.01525 0.021333333333333333
0 0.6265000000000001 0.35933333333333334 0.021500000000000002 0.022666666666666665
0 0.6461250000000001 0.35366666666666663 0.017750000000000002 0.022666666666666665
0 0.7000000000000001 0.5033333333333333 0.0195 0.022666666666666665
0 0.7136250000000001 0.4678333333333333 0.02375 0.023666666666666666
0 0.684125 0.485 0.01325 0.028666666666666667
0 0.66925 0.45366666666666666 0.0165 0.021333333333333333
0 0.6531250000000001 0.44516666666666665 0.01225 0.024999999999999998
0 0.43225 0.6161666666666666 0.017 0.024333333333333332
0 0.432875 0.5878333333333333 0.01825 0.024333333333333332
0 0.41825 0.5746666666666667 0.0195 0.014666666666666666
0 0.38325000000000004 0.5706666666666667 0.014 0.018
0 0.354875 0.6341666666666667 0.01975 0.020999999999999998
0 0.7025 0.24433333333333332 0.0195 0.026666666666666665
0 0.65925 0.2613333333333333 0.0195 0.025333333333333333
0 0.6485 0.29033333333333333 0.02 0.022666666666666665
0 0.707 0.42883333333333334 0.02 0.023666666666666666
0 0.65375 0.41133333333333333 0.018000000000000002 0.02733333333333333
0 0.65025 0.3825 0.0145 0.021666666666666667
0 0.668625 0.374 0.02425 0.03133333333333333
0 0.8225 0.35416666666666663 0.0245 0.03166666666666666
0 0.8675 0.45016666666666666 0.025 0.03166666666666666
0 0.879375 0.5015 0.021750000000000002 0.034999999999999996
0 0.768375 0.526 0.02075 0.033999999999999996
0 0.796625 0.5565 0.02875 0.030333333333333334
0 0.82875 0.5966666666666667 0.0305 0.029333333333333333
0 0.9015 0.5593333333333333 0.0275 0.026
0 0.89975 0.5963333333333333 0.02 0.025333333333333333
0 0.897875 0.5023333333333333 0.01625 0.026
0 0.874375 0.5613333333333334 0.01725 0.025333333333333333
0 0.88025 0.5926666666666667 0.0165 0.024666666666666667
0 0.9055 0.3228333333333333 0.0245 0.031
0 0.892875 0.313 0.01975 0.022
0 0.9187500000000001 0.30783333333333335 0.021500000000000002 0.024999999999999998
0 0.88925 0.29333333333333333 0.021500000000000002 0.02733333333333333
0 0.93775 0.27066666666666667 0.0225 0.024
0 0.9676250000000001 0.29633333333333334 0.02475 0.03333333333333333
0 0.9263750000000001 0.2871666666666667 0.01425 0.024999999999999998
0 0.95425 0.3403333333333333 0.0245 0.028
0 0.933125 0.349 0.02125 0.026
0 0.586 0.4568333333333333 0.0205 0.026333333333333334
0 0.7225 0.49366666666666664 0.0135 0.02
0 0.735125 0.49366666666666664 0.012750000000000001 0.019333333333333334
0 0.74775 0.476 0.0145 0.018666666666666665
0 0.61 0.5595 0.0135 0.01633333333333333
0 0.799625 0.27749999999999997 0.02775 0.03166666666666666
0 0.534625 0.23966666666666667 0.03375 0.028666666666666667
0 0.567625 0.23133333333333334 0.02825 0.03266666666666666
0 0.524 0.30233333333333334 0.0155 0.02
0 0.826125 0.5661666666666666 0.02475 0.027666666666666666
0 0.8456250000000001 0.5619999999999999 0.02125 0.025333333333333333
0 0.857875 0.5555 0.01375 0.024333333333333332
0 0.992 0.32166666666666666 0.0115 0.014666666666666666
0 0.968 0.3373333333333333 0.01 0.012
0 0.990375 0.33949999999999997 0.01025 0.011
0 0.97875 0.352 0.009000000000000001 0.009333333333333332
0 0.963375 0.39 0.00925 0.01
0 0.9540000000000001 0.3983333333333333 0.011 0.014
0 0.962125 0.438 0.01325 0.014666666666666666
0 0.946625 0.45266666666666666 0.01425 0.012666666666666666
0 0.93225 0.45549999999999996 0.011 0.021666666666666667
0 0.9450000000000001 0.41583333333333333 0.01 0.012333333333333333
0 0.935625 0.41533333333333333 0.00975 0.011333333333333332
0 0.9566250000000001 0.427 0.00875 0.008666666666666666
0 0.9105 0.5401666666666667 0.02 0.016999999999999998
