0 0.023125 0.4875 0.02125 0.024333333333333332
0 0.0555 0.4721666666666666 0.023 0.031
0 0.042625 0.4683333333333333 0.01425 0.024666666666666667
0 0.041875 0.536 0.02725 0.03333333333333333
0 0.0625 0.5393333333333333 0.014 0.028
0 0.07037500000000001 0.5501666666666667 0.02025 0.023666666666666666
0 0.089625 0.5243333333333333 0.01725 0.022
0 0.0835 0.5025 0.024 0.028333333333333332
0 0.12787500000000002 0.4671666666666667 0.02475 0.027
0 0.140875 0.36516666666666664 0.02225 0.019
0 0.21775 0.3443333333333333 0.02 0.018
0 0.24325 0.47833333333333333 0.025500000000000002 0.029333333333333333
0 0.15662500000000001 0.5846666666666667 0.03175 0.035333333333333335
0 0.160125 0.618 0.03275 0.030666666666666665
0 0.19037500000000002 0.5988333333333333 0.03225 0.03833333333333333
0 0.25075000000000003 0.575 0.0305 0.036
0 0.07162500000000001 0.6585 0.025750000000000002 0.028333333333333332
0 0.095875 0.7136666666666667 0.02225 0.026666666666666665
0 0.057875 0.40549999999999997 0.01975 0.022333333333333334
0 0.018625 0.6493333333333333 0.01225 0.015333333333333332
0 0.016125 0.6575 0.01575 0.013
0 0.036875 0.65 0.01175 0.014
0 0.037125 0.6118333333333333 0.01125 0.015
0 0.040625 0.5966666666666667 0.00925 0.014
0 0.025 0.5993333333333333 0.0155 0.013333333333333332
0 0.007625 0.591 0.00975 0.010666666666666666
0 0.08825 0.7381666666666666 0.018000000000000002 0.026333333333333334
0 0.22375 0.7518333333333334 0.029500000000000002 0.036333333333333336
0 0.12575 0.7493333333333333 0.0195 0.026666666666666665
0 0.0155 0.5533333333333333 0.0095 0.014666666666666666
0 0.0095 0.5788333333333333 0.0155 0.013
0 0.195 0.8265 0.031 0.04433333333333333
0 0.15762500000000002 0.8951666666666667 0.02925 0.036333333333333336
0 0.193125 0.8913333333333333 0.02225 0.03
0 0.48862500000000003 0.8508333333333333 0.02425 0.034333333333333334
0 0.241875 0.7061666666666666 0.01625 0.02033333333333333
0 0.260375 0.7216666666666667 0.01325 0.019333333333333334
0 0.257375 0.694 0.02775 0.02333333333333333
0 0.2975 0.6813333333333333 0.0125 0.020666666666666667
0 0.33187500000000003 0.6713333333333333 0.01175 0.021333333333333333
0 0.349375 0.6698333333333333 0.01175 0.019
0 0.36 0.6729999999999999 0.0135 0.018
0 0.3315 0.6348333333333334 0.0125 0.019
0 0.376625 0.6581666666666667 0.012750000000000001 0.019
0 0.404375 0.6405 0.01225 0.01633333333333333
0 0.142875 0.658 0.01975 0.020666666666666667
0 0.212 0.5806666666666667 0.021500000000000002 0.02333333333333333
0 0.175375 0.5626666666666666 0.02525 0.028
0 0.21125 0.5045 0.0165 0.017666666666666667
0 0.26837500000000003 0.41933333333333334 0.01425 0.016666666666666666
0 0.29762500000000003 0.5766666666666667 0.017750000000000002 0.022
0 0.285875 0.5886666666666667 0.012750000000000001 0.017333333333333333
0 0.27925 0.6106666666666667 0.018000000000000002 0.019333333333333334
0 0.21825 0.6368333333333334 0.021 0.019666666666666666
0 0.25075000000000003 0.5378333333333333 0.0185 0.026333333333333334
0 0.2615 0.5218333333333334 0.018000000000000002 0.014333333333333333
0 0.31025 0.5553333333333333 0.0165 0.020666666666666667
0 0.3385 0.5981666666666666 0.0135 0.01633333333333333
0 0.374 0.6134999999999999 0.0125 0.01633333333333333
0 0.40775 0.5911666666666666 0.0145 0.017666666666666667
0 0.36712500000000003 0.621 0.01025 0.011333333333333332
0 0.391125 0.6188333333333333 0.00925 0.009666666666666667
0 0.35625 0.4681666666666667 0.015 0.021666666666666667
0 0.339875 0.48 0.01375 0.018666666666666665
0 0.333125 0.5338333333333333 0.01975 0.028333333333333332
0 0.435375 0.5568333333333333 0.01325 0.022333333333333334
0 0.419 0.5525 0.013000000000000001 0.023666666666666666
0 0.45425 0.5285 0.02 0.031
0 0.481 0.5156666666666666 0.0125 0.020666666666666667
0 0.4885 0.47816666666666663 0.0185 0.025666666666666667
0 0.535125 0.43816666666666665 0.01675 0.034333333333333334
0 0.5525 0.4368333333333333 0.021 0.036333333333333336
0 0.602125 0.3858333333333333 0.02675 0.028333333333333332
0 0.5715 0.3765 0.021 0.027
0 0.556625 0.36916666666666664 0.01425 0.023666666666666666
0 0.630125 0.987 0.03675 0.026
0 0.54475 0.7596666666666666 0.0265 0.04
0 0.564625 0.7494999999999999 0.02825 0.04433333333333333
0 0.6032500000000001 0.6953333333333334 0.026000000000000002 0.03266666666666666
0 0.630375 0.7945 0.03025 0.034333333333333334
0 0.720125 0.828 0.025750000000000002 0.04
0 0.45437500000000003 0.6633333333333333 0.02425 0.03333333333333333
0 0.509 0.6823333333333333 0.028 0.042666666666666665
0 0.664125 0.5991666666666666 0.03475 0.048999999999999995
0 0.60925 0.5736666666666667 0.024 0.03
0 0.546375 0.5913333333333333 0.02925 0.026
0 0.571875 0.4865 0.021750000000000002 0.027
0 0.67225 0.48766666666666664 0.0275 0.034666666666666665
0 0.690875 0.4715 0.02375 0.025666666666666667
0 0.82525 0.5388333333333333 0.036000000000000004 0.051666666666666666
0 0.826125 0.6093333333333333 0.03625 0.04133333333333333
0 0.602625 0.7323333333333333 0.01825 0.024666666666666667
0 0.5896250000000001 0.7491666666666666 0.021750000000000002 0.024333333333333332
0 0.626 0.7288333333333333 0.024 0.023
0 0.785875 0.7873333333333333 0.03225 0.042666666666666665
0 0.7995 0.7563333333333333 0.028 0.030666666666666665
0 0.801875 0.7803333333333333 0.01575 0.02
0 0.853125 0.8161666666666666 0.02375 0.028999999999999998
0 0.8715 0.8338333333333333 0.023 0.028999999999999998
0 0.880875 0.8215 0.02475 0.024999999999999998
0 0.885375 0.7453333333333333 0.01975 0.024666666666666667
0 0.907625 0.7348333333333333 0.017750000000000002 0.026333333333333334
0 0.84775 0.6986666666666667 0.0325 0.034666666666666665
0 0.8085 0.6813333333333333 0.013000000000000001 0.02333333333333333
0 0.855375 0.5573333333333333 0.03425 0.04466666666666667
0 0.881625 0.568 0.02875 0.042666666666666665
0 0.891625 0.6003333333333333 0.01375 0.018666666666666665
0 0.909 0.6013333333333333 0.0205 0.029333333333333333
0 0.903375 0.5606666666666666 0.02125 0.03
0 0.924625 0.5516666666666666 0.029750000000000002 0.035333333333333335
0 0.95225 0.572 0.031 0.03866666666666667
0 0.94925 0.5408333333333333 0.025 0.028999999999999998
0 0.936875 0.6878333333333333 0.01875 0.028333333333333332
0 0.819125 0.6498333333333333 0.01975 0.026333333333333334
0 0.64475 0.3145 0.028 0.031
0 0.70475 0.4026666666666667 0.023 0.034666666666666665
0 0.678625 0.42716666666666664 0.02425 0.028333333333333332
0 0.7312500000000001 0.4215 0.029500000000000002 0.034333333333333334
0 0.757875 0.4915 0.02525 0.028999999999999998
0 0.615 0.29083333333333333 0.033 0.03233333333333333
0 0.7701250000000001 0.38766666666666666 0.03075 0.035333333333333335
0 0.7865 0.3858333333333333 0.023 0.034999999999999996
0 0.81975 0.3798333333333333 0.024 0.028333333333333332
0 0.8426250000000001 0.37 0.02375 0.03333333333333333
0 0.858625 0.35616666666666663 0.03175 0.042333333333333334
0 0.76175 0.3303333333333333 0.0235 0.036
0 0.799625 0.33499999999999996 0.02425 0.03333333333333333
0 0.8230000000000001 0.3436666666666667 0.0185 0.019333333333333334
0 0.833875 0.20566666666666666 0.03075 0.04666666666666666
0 0.81 0.27399999999999997 0.029 0.036
0 0.777375 0.2841666666666667 0.03625 0.027666666666666666
0 0.5201250000000001 0.7338333333333333 0.02675 0.030333333333333334
0 0.7815 0.4368333333333333 0.0195 0.028333333333333332
0 0.809 0.42466666666666664 0.0165 0.019333333333333334
0 0.87775 0.48633333333333334 0.035500000000000004 0.04133333333333333
0 0.90725 0.4686666666666667 0.035500000000000004 0.04733333333333333
0 0.94775 0.47383333333333333 0.0285 0.043666666666666666
0 0.97 0.4661666666666667 0.027 0.03966666666666666
0 0.661625 0.5438333333333333 0.03225 0.037
0 0.349625 0.578 0.014750000000000001 0.016
0 0.360375 0.578 0.010750000000000001 0.016
