0 0.0125 0.6588333333333333 0.0235 0.036333333333333336
0 0.07112500000000001 0.6826666666666666 0.01725 0.03666666666666667
0 0.084375 0.6483333333333333 0.03125 0.03
0 0.09325 0.6858333333333333 0.021 0.03233333333333333
0 0.115125 0.6888333333333333 0.02275 0.03233333333333333
0 0.16125 0.7066666666666667 0.0225 0.03666666666666667
0 0.123875 0.7296666666666667 0.025750000000000002 0.026
0 0.10162500000000001 0.7165 0.01875 0.023
0 0.1015 0.7628333333333334 0.022 0.030333333333333334
0 0.12575 0.7613333333333333 0.022 0.029333333333333333
0 0.14225000000000002 0.7436666666666666 0.025 0.020666666666666667
0 0.246125 0.7005 0.03275 0.048999999999999995
0 0.32575 0.7165 0.029500000000000002 0.041666666666666664
0 0.3535 0.7211666666666666 0.0165 0.03233333333333333
0 0.284375 0.867 0.03425 0.03866666666666667
0 0.292875 0.837 0.029750000000000002 0.026
0 0.314 0.8306666666666667 0.025 0.03866666666666667
0 0.355875 0.8581666666666666 0.02425 0.04566666666666667
0 0.46825 0.7956666666666666 0.032 0.049999999999999996
0 0.5125 0.8029999999999999 0.025 0.046
0 0.5710000000000001 0.8223333333333334 0.036000000000000004 0.04466666666666667
0 0.570625 0.8716666666666666 0.025750000000000002 0.03133333333333333
0 0.551625 0.9003333333333333 0.03125 0.03866666666666667
0 0.0965 0.5306666666666666 0.029 0.03
0 0.066 0.6061666666666666 0.0275 0.035666666666666666
0 0.18475 0.603 0.0305 0.03133333333333333
0 0.12875 0.6311666666666667 0.025 0.028999999999999998
0 0.207375 0.5583333333333333 0.02425 0.03133333333333333
0 0.351625 0.5826666666666667 0.03125 0.03866666666666667
0 0.458125 0.6446666666666666 0.02875 0.03133333333333333
0 0.53625 0.603 0.035 0.03933333333333333
0 0.5593750000000001 0.5588333333333333 0.02825 0.03233333333333333
0 0.67425 0.5895 0.039 0.03766666666666667
0 0.659 0.7363333333333333 0.029 0.03333333333333333
0 0.67925 0.6925 0.04 0.041666666666666664
0 0.694875 0.7556666666666666 0.02275 0.04066666666666666
0 0.687875 0.726 0.02125 0.03333333333333333
0 0.6715 0.7603333333333333 0.0165 0.044
0 0.76325 0.5085 0.033 0.034333333333333334
0 0.274125 0.4363333333333333 0.02825 0.029333333333333333
0 0.29912500000000003 0.4488333333333333 0.02025 0.031
0 0.2335 0.5081666666666667 0.0265 0.027
0 0.17175 0.5681666666666666 0.025 0.034333333333333334
0 0.364 0.49166666666666664 0.017 0.03133333333333333
0 0.406625 0.3988333333333333 0.02125 0.031
0 0.41600000000000004 0.4056666666666667 0.0165 0.028
0 0.278125 0.3823333333333333 0.02025 0.03333333333333333
0 0.34750000000000003 0.4066666666666667 0.0265 0.026
0 0.83975 0.5905 0.033 0.043666666666666666
0 0.7925 0.5593333333333333 0.032 0.035333333333333335
0 0.700375 0.5108333333333334 0.03375 0.04033333333333333
0 0.7222500000000001 0.5018333333333334 0.0225 0.041666666666666664
0 0.674875 0.4953333333333333 0.01875 0.042666666666666665
0 0.741375 0.48366666666666663 0.02325 0.04466666666666667
0 0.40025 0.47533333333333333 0.0195 0.026
0 0.36475 0.4755 0.0265 0.030333333333333334
0 0.7285 0.6639999999999999 0.029 0.04066666666666666
0 0.71825 0.601 0.032 0.03733333333333333
0 0.7605000000000001 0.5858333333333333 0.0305 0.028333333333333332
0 0.792125 0.5873333333333333 0.021750000000000002 0.029333333333333333
0 0.9355 0.6358333333333334 0.021 0.034333333333333334
0 0.95775 0.6456666666666666 0.017 0.03133333333333333
0 0.971375 0.6268333333333334 0.01175 0.024999999999999998
0 0.88275 0.6796666666666666 0.0235 0.026
0 0.898 0.6789999999999999 0.0135 0.029333333333333333
0 0.373375 0.19833333333333333 0.021750000000000002 0.026
0 0.534 0.44366666666666665 0.0195 0.03133333333333333
0 0.575375 0.46749999999999997 0.02425 0.027
0 0.590125 0.5113333333333333 0.025750000000000002 0.029333333333333333
0 0.523 0.5535 0.026000000000000002 0.036333333333333336
0 0.512 0.48316666666666663 0.018000000000000002 0.023
0 0.86275 0.515 0.018000000000000002 0.03
0 0.794125 0.49616666666666664 0.02275 0.03233333333333333
0 0.992125 0.527 0.01575 0.02733333333333333
0 0.929625 0.6051666666666666 0.02325 0.028999999999999998
0 0.9858750000000001 0.5915 0.01575 0.028999999999999998
0 0.230875 0.3446666666666667 0.02725 0.029333333333333333
0 0.449125 0.3511666666666667 0.01725 0.031
0 0.520625 0.30183333333333334 0.02125 0.024999999999999998
0 0.958125 0.5238333333333333 0.01625 0.024999999999999998
0 0.908875 0.5431666666666667 0.025750000000000002 0.028333333333333332
