0 0.18175 0.2821666666666667 0.031 0.03833333333333333
0 0.17025 0.39616666666666667 0.0315 0.037
0 0.1345 0.4443333333333333 0.0245 0.03333333333333333
0 0.026375 0.5308333333333333 0.02475 0.030333333333333334
0 0.10250000000000001 0.5655 0.0305 0.036333333333333336
0 0.12925 0.5559999999999999 0.026000000000000002 0.03333333333333333
0 0.166 0.5531666666666667 0.0245 0.043
0 0.0135 0.7 0.0205 0.033999999999999996
0 0.0095 0.7663333333333333 0.0185 0.014
0 0.049375 0.7821666666666667 0.02875 0.028333333333333332
0 0.016375 0.7414999999999999 0.01725 0.022333333333333334
0 0.07112500000000001 0.7233333333333333 0.02325 0.022666666666666665
0 0.08825 0.7203333333333333 0.019 0.024666666666666667
0 0.106625 0.727 0.02425 0.04066666666666666
0 0.12637500000000002 0.7181666666666666 0.03075 0.036333333333333336
0 0.161375 0.7821666666666667 0.03475 0.034333333333333334
0 0.164125 0.7521666666666667 0.03925 0.036333333333333336
0 0.22187500000000002 0.7141666666666666 0.03725 0.04433333333333333
0 0.23 0.7723333333333333 0.03 0.032
0 0.2425 0.8051666666666666 0.0285 0.041666666666666664
0 0.265375 0.7831666666666667 0.03175 0.030333333333333334
0 0.264875 0.8078333333333333 0.02225 0.028999999999999998
0 0.293625 0.7436666666666666 0.02375 0.04
0 0.31775000000000003 0.746 0.031 0.04466666666666667
0 0.35325 0.7893333333333333 0.029 0.048
0 0.385625 0.7803333333333333 0.02775 0.038
0 0.398125 0.8158333333333333 0.02375 0.045
0 0.469375 0.8185 0.02675 0.04566666666666667
0 0.432 0.6733333333333333 0.029500000000000002 0.04466666666666667
0 0.3555 0.6718333333333333 0.0155 0.015
0 0.30925 0.6466666666666666 0.016 0.022
0 0.3875 0.6336666666666666 0.0225 0.041999999999999996
0 0.26837500000000003 0.5566666666666666 0.03125 0.034666666666666665
0 0.293625 0.5495 0.03275 0.037
0 0.255625 0.6021666666666666 0.02875 0.042333333333333334
0 0.39437500000000003 0.5266666666666666 0.02875 0.03266666666666666
0 0.421125 0.5283333333333333 0.03125 0.04
0 0.34975 0.4533333333333333 0.027 0.035333333333333335
0 0.225125 0.5336666666666666 0.03775 0.041999999999999996
0 0.193625 0.5033333333333333 0.02625 0.03933333333333333
0 0.20525000000000002 0.48616666666666664 0.026000000000000002 0.037
0 0.19275 0.4703333333333333 0.0165 0.025333333333333333
0 0.230875 0.45366666666666666 0.02725 0.034666666666666665
0 0.25 0.44666666666666666 0.022 0.028
0 0.172125 0.4825 0.02225 0.023
0 0.0555 0.49616666666666664 0.043500000000000004 0.037
0 0.146125 0.6808333333333333 0.029750000000000002 0.03966666666666666
0 0.099625 0.6906666666666667 0.02725 0.029333333333333333
0 0.25475000000000003 0.488 0.023 0.033999999999999996
0 0.29175 0.5173333333333333 0.02 0.028666666666666667
0 0.318375 0.4438333333333333 0.02425 0.029666666666666664
0 0.30162500000000003 0.4111666666666667 0.03225 0.034333333333333334
0 0.33137500000000003 0.39666666666666667 0.02925 0.041999999999999996
0 0.277875 0.3333333333333333 0.03225 0.04133333333333333
0 0.3655 0.3045 0.02 0.029666666666666664
0 0.46950000000000003 0.3421666666666667 0.0245 0.035666666666666666
0 0.52525 0.35566666666666663 0.03 0.034666666666666665
0 0.59025 0.4076666666666667 0.024 0.032
0 0.603625 0.4533333333333333 0.02725 0.033999999999999996
0 0.595 0.5033333333333333 0.022 0.036
0 0.6125 0.5226666666666666 0.027 0.038
0 0.5992500000000001 0.5325 0.0195 0.029666666666666664
0 0.508625 0.6466666666666666 0.02825 0.035333333333333335
0 0.534375 0.6441666666666667 0.02875 0.036333333333333336
0 0.508875 0.6719999999999999 0.02875 0.04
0 0.515625 0.7035 0.02875 0.043666666666666666
0 0.66725 0.623 0.02 0.035333333333333335
0 0.688875 0.6228333333333333 0.02775 0.037
0 0.659375 0.5845 0.02225 0.03233333333333333
0 0.703875 0.7726666666666666 0.03325 0.046
0 0.7791250000000001 0.7473333333333333 0.02725 0.035333333333333335
0 0.79225 0.7206666666666667 0.03 0.03866666666666667
0 0.825125 0.7356666666666667 0.03225 0.04
0 0.803625 0.7663333333333333 0.03625 0.04933333333333333
0 0.756125 0.8348333333333333 0.02875 0.037
0 0.73775 0.7656666666666666 0.029 0.03933333333333333
0 0.7458750000000001 0.7108333333333333 0.03075 0.04833333333333333
0 0.768625 0.8073333333333333 0.021750000000000002 0.026666666666666665
0 0.862 0.6913333333333334 0.025 0.03333333333333333
0 0.851875 0.6533333333333333 0.02825 0.04133333333333333
0 0.759625 0.5303333333333333 0.03175 0.03133333333333333
0 0.788375 0.4953333333333333 0.02425 0.02733333333333333
0 0.804125 0.47966666666666663 0.01725 0.02
0 0.85075 0.48883333333333334 0.0205 0.023666666666666666
0 0.8718750000000001 0.49116666666666664 0.02825 0.031
0 0.844375 0.5018333333333334 0.01875 0.025666666666666667
0 0.841875 0.41633333333333333 0.02275 0.035333333333333335
0 0.855125 0.3988333333333333 0.02225 0.03166666666666666
0 0.8678750000000001 0.41 0.02325 0.032
0 0.7045 0.42633333333333334 0.025500000000000002 0.032
0 0.690625 0.45449999999999996 0.01875 0.030333333333333334
0 0.64525 0.4383333333333333 0.034 0.03333333333333333
0 0.6395000000000001 0.3715 0.0335 0.033666666666666664
0 0.663625 0.521 0.021750000000000002 0.029333333333333333
0 0.665875 0.48933333333333334 0.02375 0.030666666666666665
0 0.601375 0.596 0.010750000000000001 0.017333333333333333
0 0.57375 0.6051666666666666 0.0145 0.015
0 0.612 0.5965 0.01 0.02033333333333333
0 0.500375 0.5423333333333333 0.03075 0.035333333333333335
0 0.67675 0.36816666666666664 0.021 0.023666666666666666
0 0.685 0.3471666666666667 0.017 0.022333333333333334
0 0.71775 0.35866666666666663 0.021500000000000002 0.028
0 0.7365 0.345 0.0245 0.022
0 0.77175 0.34933333333333333 0.028 0.038
0 0.80425 0.3843333333333333 0.0275 0.03866666666666667
0 0.860375 0.313 0.02825 0.03733333333333333
0 0.781 0.264 0.0335 0.038
0 0.884375 0.33366666666666667 0.02125 0.03333333333333333
0 0.9011250000000001 0.35383333333333333 0.02525 0.04633333333333333
0 0.949625 0.6935 0.01525 0.028333333333333332
0 0.964125 0.6841666666666666 0.01725 0.027666666666666666
0 0.9383750000000001 0.6856666666666666 0.01225 0.022666666666666665
0 0.982875 0.6224999999999999 0.01025 0.019666666666666666
0 0.99225 0.6161666666666666 0.013000000000000001 0.016999999999999998
0 0.99325 0.632 0.0105 0.02
0 0.941125 0.49966666666666665 0.014750000000000001 0.018
0 0.912625 0.4735 0.01625 0.015
0 0.213125 0.11699999999999999 0.021750000000000002 0.028
0 0.275875 0.058833333333333335 0.02375 0.03166666666666666
0 0.272125 0.14933333333333332 0.02325 0.03333333333333333
0 0.26225 0.18183333333333332 0.021 0.03166666666666666
0 0.5245 0.3833333333333333 0.0245 0.03
0 0.841 0.4483333333333333 0.025500000000000002 0.03333333333333333
0 0.7827500000000001 0.4663333333333333 0.0265 0.032
