0 0.21625 0.4135 0.025 0.03766666666666667
0 0.239125 0.3998333333333333 0.03125 0.043666666666666666
0 0.28625 0.3905 0.0275 0.043666666666666666
0 0.240625 0.46399999999999997 0.03425 0.03666666666666667
0 0.42362500000000003 0.5341666666666667 0.04125 0.05233333333333333
0 0.21875 0.24366666666666667 0.0375 0.03733333333333333
0 0.320625 0.304 0.025750000000000002 0.03733333333333333
0 0.2995 0.26866666666666666 0.0305 0.03733333333333333
0 0.38075000000000003 0.3025 0.026000000000000002 0.04033333333333333
0 0.42875 0.2575 0.027 0.041
0 0.877 0.377 0.0305 0.044
0 0.919875 0.378 0.03375 0.03933333333333333
0 0.975 0.35316666666666663 0.0345 0.041666666666666664
0 0.976875 0.3863333333333333 0.02725 0.03133333333333333
0 0.891 0.3505 0.021 0.034333333333333334
0 0.887375 0.3353333333333333 0.029750000000000002 0.02733333333333333
0 0.900375 0.31966666666666665 0.025750000000000002 0.02733333333333333
0 0.9742500000000001 0.41916666666666663 0.025 0.030333333333333334
0 0.1105 0.5926666666666667 0.0335 0.03733333333333333
0 0.007875 0.4031666666666667 0.01525 0.024999999999999998
0 0.01025 0.6024999999999999 0.02 0.034333333333333334
0 0.115625 0.6626666666666666 0.03225 0.03933333333333333
0 0.0495 0.7793333333333333 0.05 0.04466666666666667
0 0.0765 0.8598333333333333 0.025 0.04033333333333333
0 0.141875 0.8521666666666666 0.02825 0.036333333333333336
0 0.144625 0.8083333333333333 0.02725 0.03866666666666667
0 0.1665 0.7835 0.034 0.034999999999999996
0 0.197125 0.7446666666666666 0.02675 0.03866666666666667
0 0.16825 0.7306666666666667 0.029 0.04066666666666666
0 0.147125 0.7264999999999999 0.03225 0.043
0 0.16425 0.6903333333333334 0.036000000000000004 0.04
0 0.138875 0.6573333333333333 0.03175 0.03933333333333333
0 0.06925 0.6465 0.031 0.04566666666666667
0 0.03825 0.6488333333333333 0.0315 0.04633333333333333
0 0.15662500000000001 0.4696666666666667 0.02875 0.038
0 0.176625 0.4485 0.025750000000000002 0.026333333333333334
0 0.316375 0.4696666666666667 0.02525 0.030666666666666665
0 0.31625000000000003 0.36533333333333334 0.027 0.032
0 0.280375 0.4741666666666666 0.03425 0.034333333333333334
0 0.250625 0.7376666666666667 0.02025 0.028
0 0.381875 0.41583333333333333 0.025750000000000002 0.033666666666666664
0 0.290125 0.5325 0.03175 0.033
0 0.210125 0.536 0.029750000000000002 0.032
0 0.17225000000000001 0.5495 0.017 0.023666666666666666
0 0.379125 0.8025 0.04675 0.05633333333333333
0 0.419375 0.779 0.04025 0.056
0 0.4635 0.823 0.025500000000000002 0.03866666666666667
0 0.447 0.8995 0.027 0.043
0 0.547 0.8441666666666666 0.0245 0.03766666666666667
0 0.570375 0.8551666666666666 0.03175 0.051
0 0.48612500000000003 0.718 0.02525 0.043333333333333335
0 0.525375 0.731 0.03325 0.03933333333333333
0 0.56375 0.7201666666666666 0.034 0.053
0 0.592125 0.7031666666666666 0.03675 0.050333333333333334
0 0.652625 0.7909999999999999 0.035250000000000004 0.049999999999999996
0 0.7485 0.7304999999999999 0.029 0.04566666666666667
0 0.75025 0.6811666666666667 0.027 0.039
0 0.724 0.656 0.0345 0.041999999999999996
0 0.670375 0.6236666666666666 0.03975 0.054
0 0.6315000000000001 0.6101666666666666 0.0265 0.03766666666666667
0 0.468375 0.5123333333333333 0.035250000000000004 0.05266666666666667
0 0.5255 0.5061666666666667 0.027 0.043666666666666666
0 0.750375 0.3943333333333333 0.02025 0.02733333333333333
0 0.774 0.3938333333333333 0.021500000000000002 0.028333333333333332
0 0.800625 0.4185 0.02375 0.028333333333333332
0 0.825375 0.442 0.017750000000000002 0.03
0 0.8425 0.444 0.018000000000000002 0.03133333333333333
0 0.858 0.44566666666666666 0.0145 0.028
0 0.926 0.486 0.026000000000000002 0.03866666666666667
0 0.91125 0.5256666666666666 0.029 0.03333333333333333
0 0.91625 0.6204999999999999 0.023 0.034333333333333334
0 0.935 0.612 0.021 0.030666666666666665
0 0.9375 0.6355 0.0135 0.021666666666666667
0 0.876625 0.6533333333333333 0.02825 0.03
0 0.846 0.7168333333333333 0.0145 0.017666666666666667
0 0.8396250000000001 0.6811666666666667 0.01325 0.018333333333333333
0 0.803 0.7125 0.018000000000000002 0.015
0 0.80625 0.6913333333333334 0.02 0.021333333333333333
0 0.780625 0.647 0.03125 0.038
0 0.76225 0.6088333333333333 0.031 0.04766666666666666
0 0.758125 0.6473333333333333 0.017750000000000002 0.03133333333333333
0 0.72975 0.6083333333333333 0.0315 0.038
0 0.705 0.6113333333333333 0.0285 0.03866666666666667
0 0.621 0.771 0.0235 0.04066666666666666
0 0.597125 0.7578333333333334 0.02675 0.037
0 0.6657500000000001 0.7351666666666666 0.029 0.043666666666666666
0 0.978625 0.5373333333333333 0.01375 0.022
0 0.99175 0.5346666666666666 0.0115 0.020666666666666667
0 0.4895 0.4353333333333333 0.024 0.026666666666666665
0 0.44275000000000003 0.661 0.0275 0.030666666666666665
0 0.8005 0.493 0.0145 0.021333333333333333
0 0.626625 0.3188333333333333 0.01625 0.024999999999999998
0 0.762125 0.353 0.01925 0.025333333333333333
0 0.57425 0.531 0.017 0.022
0 0.484125 0.5569999999999999 0.01575 0.032
0 0.554 0.9511666666666666 0.033 0.06033333333333333
0 0.49975 0.3255 0.0285 0.033666666666666664
0 0.460125 0.3123333333333333 0.021750000000000002 0.03
0 0.509875 0.4348333333333333 0.01575 0.028999999999999998
