0 0.048 0.38216666666666665 0.025 0.037
0 0.128125 0.42066666666666663 0.02825 0.035333333333333335
0 0.133375 0.4488333333333333 0.02875 0.03233333333333333
0 0.145625 0.40449999999999997 0.02775 0.035666666666666666
0 0.13225 0.5033333333333333 0.03 0.03333333333333333
0 0.1625 0.47783333333333333 0.017 0.024999999999999998
0 0.1635 0.5125 0.0195 0.024999999999999998
0 0.043875000000000004 0.5903333333333333 0.025750000000000002 0.028
0 0.05725 0.5806666666666667 0.022 0.028
0 0.069375 0.5818333333333333 0.02125 0.033
0 0.08725000000000001 0.5706666666666667 0.022 0.02733333333333333
0 0.101375 0.5599999999999999 0.02275 0.026666666666666665
0 0.1165 0.5568333333333333 0.0195 0.030333333333333334
0 0.097 0.5866666666666667 0.021500000000000002 0.025333333333333333
0 0.107625 0.5896666666666667 0.02275 0.026666666666666665
0 0.134125 0.5675 0.01625 0.024999999999999998
0 0.148 0.5705 0.021500000000000002 0.031
0 0.155375 0.6154999999999999 0.02275 0.028333333333333332
0 0.082 0.6696666666666666 0.016 0.022
0 0.09125 0.6813333333333333 0.015 0.020666666666666667
0 0.09825 0.6663333333333333 0.02 0.02733333333333333
0 0.10525 0.6483333333333333 0.016 0.02
0 0.14250000000000002 0.6543333333333333 0.017 0.018666666666666665
0 0.17500000000000002 0.63 0.02 0.026
0 0.17550000000000002 0.5748333333333333 0.02 0.026333333333333334
0 0.1935 0.5126666666666666 0.0205 0.03266666666666666
0 0.21775 0.48766666666666664 0.022 0.032
0 0.28825 0.44866666666666666 0.025500000000000002 0.03933333333333333
0 0.2935 0.40149999999999997 0.0305 0.03966666666666666
0 0.468625 0.23083333333333333 0.021750000000000002 0.036333333333333336
0 0.491375 0.3163333333333333 0.02825 0.035333333333333335
0 0.44975 0.38116666666666665 0.027 0.03766666666666667
0 0.466875 0.4048333333333333 0.02375 0.030333333333333334
0 0.495375 0.39666666666666667 0.03725 0.04933333333333333
0 0.116 0.6686666666666666 0.0155 0.02
0 0.11275 0.6875 0.0145 0.022333333333333334
0 0.1295 0.689 0.0155 0.026666666666666665
0 0.143625 0.6688333333333333 0.01375 0.017666666666666667
0 0.204375 0.7274999999999999 0.01225 0.022333333333333334
0 0.21775 0.7311666666666666 0.0145 0.024999999999999998
0 0.229125 0.7336666666666667 0.01175 0.02733333333333333
0 0.251125 0.6985 0.017750000000000002 0.028333333333333332
0 0.260625 0.6771666666666667 0.01925 0.020999999999999998
0 0.15912500000000002 0.7585 0.01925 0.026333333333333334
0 0.32 0.7231666666666666 0.0235 0.036333333333333336
0 0.364375 0.6388333333333334 0.02675 0.039
0 0.231625 0.6173333333333333 0.01725 0.02333333333333333
0 0.179375 0.6731666666666667 0.01725 0.021666666666666667
0 0.240625 0.5225 0.01525 0.021666666666666667
0 0.238875 0.40249999999999997 0.01175 0.01633333333333333
0 0.385 0.319 0.026000000000000002 0.029333333333333333
0 0.341125 0.4003333333333333 0.02775 0.04133333333333333
0 0.418875 0.695 0.02825 0.04
0 0.439 0.764 0.0225 0.033999999999999996
0 0.446625 0.7438333333333333 0.02725 0.037
0 0.461 0.7426666666666667 0.0185 0.035333333333333335
0 0.456625 0.7215 0.02525 0.028999999999999998
0 0.434 0.7278333333333333 0.0265 0.026333333333333334
0 0.43425 0.6931666666666666 0.019 0.03966666666666666
0 0.446875 0.6849999999999999 0.02775 0.03866666666666667
0 0.451375 0.6488333333333333 0.02725 0.033666666666666664
0 0.47375 0.6641666666666667 0.031 0.034999999999999996
0 0.49475 0.6971666666666666 0.028 0.03766666666666667
0 0.538875 0.765 0.02375 0.04
0 0.5665 0.7773333333333333 0.029500000000000002 0.04066666666666666
0 0.536875 0.7263333333333333 0.02775 0.042666666666666665
0 0.54025 0.6901666666666666 0.024 0.033
0 0.56475 0.6873333333333334 0.03 0.04133333333333333
0 0.568375 0.6615 0.02775 0.03966666666666666
0 0.5533750000000001 0.6491666666666667 0.02525 0.04033333333333333
0 0.582 0.6343333333333333 0.025500000000000002 0.036
0 0.599375 0.6468333333333333 0.02475 0.03966666666666666
0 0.621 0.634 0.0335 0.03866666666666667
0 0.656875 0.6453333333333333 0.02825 0.03866666666666667
0 0.647625 0.6091666666666666 0.02675 0.034999999999999996
0 0.647625 0.6938333333333333 0.03325 0.03833333333333333
0 0.68875 0.6913333333333334 0.033 0.03933333333333333
0 0.6385000000000001 0.7573333333333333 0.029 0.033999999999999996
0 0.65825 0.7638333333333333 0.02 0.034999999999999996
0 0.775 0.6581666666666667 0.026000000000000002 0.041
0 0.7675000000000001 0.6396666666666666 0.0265 0.032
0 0.811 0.6278333333333334 0.033 0.037
0 0.743625 0.5619999999999999 0.02125 0.035333333333333335
0 0.753875 0.5735 0.02225 0.034333333333333334
0 0.7468750000000001 0.605 0.017750000000000002 0.02
0 0.886125 0.6036666666666667 0.02225 0.029333333333333333
0 0.85 0.6671666666666667 0.0145 0.019666666666666666
0 0.688625 0.5088333333333334 0.02825 0.035666666666666666
0 0.651375 0.49866666666666665 0.02325 0.03
0 0.6365000000000001 0.4695 0.0275 0.026333333333333334
0 0.6567500000000001 0.46316666666666667 0.025500000000000002 0.03766666666666667
0 0.6015 0.5568333333333333 0.029 0.041666666666666664
0 0.5285 0.6136666666666667 0.0325 0.04
0 0.57625 0.5111666666666667 0.0305 0.034333333333333334
0 0.59975 0.5005 0.027 0.048999999999999995
0 0.8991250000000001 0.4465 0.02125 0.023666666666666666
0 0.916125 0.48766666666666664 0.01725 0.025333333333333333
0 0.9101250000000001 0.4985 0.02125 0.026333333333333334
0 0.9355 0.5398333333333333 0.019 0.023666666666666666
0 0.919 0.5439999999999999 0.019 0.021333333333333333
0 0.950625 0.5858333333333333 0.01875 0.024999999999999998
0 0.9565 0.6063333333333333 0.0195 0.021333333333333333
0 0.93875 0.599 0.017 0.022666666666666665
0 0.92425 0.638 0.0145 0.021333333333333333
0 0.697125 0.3263333333333333 0.01875 0.024666666666666667
0 0.7262500000000001 0.2826666666666667 0.0155 0.024
0 0.75 0.374 0.021 0.026666666666666665
0 0.3845 0.5509999999999999 0.0275 0.03866666666666667
0 0.4315 0.5438333333333333 0.025500000000000002 0.034333333333333334
0 0.47650000000000003 0.57 0.0265 0.03333333333333333
0 0.357875 0.511 0.02425 0.030666666666666665
0 0.29825 0.297 0.025500000000000002 0.03666666666666667
0 0.33187500000000003 0.33899999999999997 0.02125 0.032
0 0.391625 0.3075 0.02025 0.028999999999999998
0 0.22312500000000002 0.6801666666666667 0.017750000000000002 0.022333333333333334
0 0.14125000000000001 0.7494999999999999 0.0155 0.022333333333333334
0 0.16425 0.6378333333333334 0.0135 0.021666666666666667
0 0.641625 0.5666666666666667 0.02825 0.03266666666666666
0 0.690125 0.5906666666666667 0.02525 0.02733333333333333
0 0.98875 0.4618333333333333 0.0145 0.019666666666666666
0 0.989 0.412 0.0115 0.017333333333333333
0 0.828875 0.3733333333333333 0.017750000000000002 0.024
0 0.9888750000000001 0.3308333333333333 0.010750000000000001 0.015666666666666666
